550 832
-0.2885871 -0.7887394 0.2885871
-0.3097168 -0.8098695 0.2408286
-0.249161 -0.8546735 0.249161
-0.2408286 -0.8098695 0.3097169
-0.1753408 -0.8864079 0.2644048
-0.1705907 -0.8323771 0.3322245
-0.0904505 -0.9068053 0.276224
-0.08829313 -0.8480403 0.3478877
9.853311E-08 -0.9136059 0.2808985
9.853311E-08 -0.8535981 0.3534455
-0.2644047 -0.8864079 0.1753409
-0.3322245 -0.8323771 0.1705908
-0.1844288 -0.9265553 0.1844288
-0.09475736 -0.9516049 0.1925076
9.853311E-08 -0.9599168 0.196123
-0.276224 -0.9068053 0.09045061
-0.3478877 -0.8480403 0.08829328
-0.1925075 -0.9516048 0.09475747
-0.09901319 -0.9799862 0.0990133
9.853311E-08 -0.9896768 0.1010615
-0.2808985 -0.913606 5.559791E-08
-0.3534455 -0.8535981 5.559791E-08
-0.196123 -0.9599168 5.59454E-08
-0.1010613 -0.9896768 5.542417E-08
9.853311E-08 -1 5.559791E-08
9.853311E-08 -1 5.559791E-08
0.09901338 -0.9799861 0.0990133
0.09475756 -0.9516049 0.1925076
0.1925076 -0.9516048 0.09475747
0.1844289 -0.9265556 0.1844288
0.276224 -0.9068053 0.09045061
0.2644047 -0.8864079 0.1753409
0.3478877 -0.8480403 0.08829328
0.3322245 -0.8323771 0.1705908
0.2491609 -0.8546735 0.249161
0.3097169 -0.8098695 0.2408286
0.2408287 -0.8098693 0.3097169
0.2885871 -0.7887395 0.2885871
0.3534455 -0.8535981 5.559791E-08
0.2808986 -0.913606 5.559791E-08
0.1705909 -0.8323771 0.3322245
0.1753409 -0.8864079 0.2644048
0.196123 -0.9599168 5.472919E-08
0.08829332 -0.8480403 0.3478877
0.09045061 -0.9068052 0.276224
0.1010616 -0.9896768 5.542417E-08
9.853311E-08 -1 5.559791E-08
0.2885871 -0.7890103 -0.2885871
0.3097169 -0.8101402 -0.2408286
0.2491609 -0.8549443 -0.2491609
0.2408287 -0.8101401 -0.3097168
0.1753409 -0.8866786 -0.2644047
0.1705909 -0.8326479 -0.3322244
0.09045061 -0.907076 -0.276224
0.08829332 -0.8483111 -0.3478877
9.853311E-08 -0.9138767 -0.2808984
9.853311E-08 -0.8538688 -0.3534455
0.2644047 -0.8866787 -0.1753408
0.3322245 -0.8326479 -0.1705908
0.1844289 -0.9268264 -0.1844288
0.09475756 -0.9518757 -0.1925075
9.853311E-08 -0.9601876 -0.1961229
0.276224 -0.9070761 -0.09045049
0.3478877 -0.8483111 -0.08829316
0.1925076 -0.9518756 -0.09475736
0.09901338 -0.9802569 -0.09901319
9.853311E-08 -0.9899476 -0.1010614
0.2808986 -0.913606 5.559791E-08
0.3534455 -0.8535981 5.559791E-08
0.196123 -0.9599168 5.472919E-08
0.1010616 -0.9896768 5.542417E-08
9.853311E-08 -1 5.559791E-08
9.853311E-08 -1 5.559791E-08
-0.09901319 -0.9802569 -0.09901319
-0.09475736 -0.9518757 -0.1925075
-0.1925075 -0.9518756 -0.09475736
-0.1844288 -0.9268261 -0.1844288
-0.276224 -0.9070761 -0.09045049
-0.2644047 -0.8866786 -0.1753408
-0.3478877 -0.8483111 -0.08829316
-0.3322245 -0.8326479 -0.1705908
-0.249161 -0.8549443 -0.2491609
-0.3097168 -0.8101402 -0.2408286
-0.2408286 -0.8101402 -0.3097168
-0.2885871 -0.7890102 -0.288587
-0.1705907 -0.8326479 -0.3322244
-0.1753408 -0.8866786 -0.2644047
-0.08829313 -0.8483111 -0.3478877
-0.0904505 -0.9070761 -0.276224
9.853311E-08 -1 5.559791E-08
-0.288587 0.7887397 0.2885871
-0.2408286 0.8098695 0.3097169
-0.2491609 0.8546736 0.249161
-0.3097168 0.8098695 0.2408287
-0.2644047 0.8864081 0.1753409
-0.3322245 0.8323771 0.1705909
-0.276224 0.9068054 0.09045061
-0.3478877 0.8480405 0.08829328
-0.2808985 0.9136058 2.698768E-08
-0.3534456 0.8535982 2.698768E-08
-0.1753409 0.8864081 0.2644048
-0.1705908 0.832377 0.3322246
-0.1844288 0.9265556 0.1844289
-0.1925076 0.951605 0.0947575
-0.196123 0.9599169 2.629271E-08
-0.09045056 0.9068054 0.2762241
-0.08829319 0.8480405 0.3478878
-0.09475743 0.951605 0.1925077
-0.09901326 0.9799863 0.09901333
-0.1010614 0.989677 2.698768E-08
-1.59078E-08 0.9136058 0.2808985
-1.59078E-08 0.8535982 0.3534456
-1.59078E-08 0.9599169 0.196123
-1.59078E-08 0.989677 0.1010615
-3.498129E-08 1 -3.023278E-08
-3.498129E-08 1 -3.023278E-08
-0.09901327 0.9799863 -0.09901321
-0.1925076 0.951605 -0.09475739
-0.09475744 0.951605 -0.1925076
-0.1844288 0.9265556 -0.1844288
-0.09045057 0.9068054 -0.276224
-0.1753409 0.8864081 -0.2644047
-0.08829321 0.8480405 -0.3478877
-0.1705908 0.832377 -0.3322245
-0.2491609 0.8546736 -0.2491609
-0.2408286 0.8098695 -0.3097168
-0.3097168 0.8098695 -0.2408286
-0.288587 0.7887397 -0.288587
-1.59078E-08 0.8535982 -0.3534455
-1.59078E-08 0.9136058 -0.2808984
-0.3322245 0.8323771 -0.1705908
-0.2644047 0.8864081 -0.1753408
-1.59078E-08 0.9599169 -0.196123
-0.3478877 0.8480405 -0.08829317
-0.276224 0.9068054 -0.09045051
0.08829325 0.8480405 -0.3478877
0.09045061 0.9068054 -0.276224
0.1705909 0.8323771 -0.3322245
0.175341 0.8864081 -0.2644047
0.2408287 0.8098695 -0.3097168
0.249161 0.8546736 -0.2491609
0.2885871 0.7887397 -0.288587
0.3097169 0.8098695 -0.2408286
0.2644048 0.8864081 -0.1753408
0.3322246 0.832377 -0.1705908
0.2762241 0.9068054 -0.09045049
0.3478878 0.8480405 -0.08829317
0.2808986 0.9136058 2.698768E-08
0.3534456 0.8535982 2.698768E-08
0.1844289 0.9265556 -0.1844288
0.1925076 0.951605 -0.09475739
0.1961231 0.9599169 2.803014E-08
0.09475747 0.951605 -0.1925076
0.09901331 0.9799862 -0.09901321
0.1010614 0.989677 2.698768E-08
-1.59078E-08 0.989677 -0.1010614
-3.498129E-08 1 -3.023278E-08
-3.498129E-08 1 -3.023278E-08
-3.498129E-08 1 -3.023278E-08
0.3097169 0.8098695 0.2408287
0.249161 0.8546736 0.249161
0.2408287 0.8098695 0.3097169
0.2885871 0.7887397 0.2885871
0.1705909 0.8323771 0.3322246
0.175341 0.8864081 0.2644048
0.08829325 0.8480405 0.3478878
0.09045054 0.9068054 0.276224
0.3322246 0.832377 0.1705909
0.2644048 0.8864081 0.1753409
0.1844289 0.9265556 0.1844289
0.09475749 0.951605 0.1925077
0.3478878 0.8480405 0.08829328
0.2762241 0.9068054 0.09045063
0.1925076 0.951605 0.0947575
0.09901331 0.9799862 0.09901333
0.3534456 0.8535982 2.698768E-08
0.2808986 0.9136058 2.698768E-08
0.1961231 0.9599169 2.803014E-08
0.1010614 0.989677 2.698768E-08
-3.498129E-08 1 -3.023278E-08
-0.2885871 -0.7887394 0.2885871
-0.3097168 -0.7409812 0.3097169
-0.3545209 -0.7493135 0.249161
-0.3097168 -0.8098695 0.2408286
-0.3862553 -0.7645572 0.1753409
-0.3322245 -0.8323771 0.1705908
-0.4066527 -0.7763765 0.09045061
-0.3478877 -0.8480403 0.08829328
-0.4134531 -0.781051 5.559791E-08
-0.3534455 -0.8535981 5.559791E-08
-0.3862554 -0.6754933 0.2644048
-0.3322245 -0.6707435 0.3322246
-0.426403 -0.6845815 0.1844289
-0.4514524 -0.6926602 0.09475749
-0.4597643 -0.6962755 5.472919E-08
-0.4066527 -0.5906032 0.276224
-0.3478877 -0.5884458 0.3478878
-0.4514525 -0.5949099 0.1925076
-0.4798335 -0.5991659 0.09901333
-0.4895243 -0.6012138 5.559791E-08
-0.4134531 -0.5001526 0.2808985
-0.3534455 -0.5001526 0.3534455
-0.4597642 -0.5001526 0.196123
-0.4895243 -0.5001526 0.1010615
-0.5 -0.5001526 5.559791E-08
-0.4798335 -0.5994366 -0.0990132
-0.4514524 -0.692931 -0.09475737
-0.4514525 -0.5951807 -0.1925075
-0.426403 -0.6848523 -0.1844288
-0.4066527 -0.590874 -0.276224
-0.3862554 -0.6757641 -0.2644047
-0.3478877 -0.5887166 -0.3478877
-0.3322245 -0.6710142 -0.3322245
-0.3545209 -0.7495843 -0.2491609
-0.3097168 -0.7412519 -0.3097168
-0.3097168 -0.8101402 -0.2408286
-0.2885871 -0.7890102 -0.288587
-0.3534455 -0.5004234 -0.3534455
-0.4134531 -0.5004234 -0.2808984
-0.3322245 -0.8326479 -0.1705908
-0.3862553 -0.764828 -0.1753408
-0.4597642 -0.5004234 -0.1961229
-0.3478877 -0.8483111 -0.08829316
-0.4066527 -0.7766473 -0.09045049
-0.3534454 0.5004234 -0.3534455
-0.4134532 0.5004234 -0.2808984
-0.3478878 0.5884459 -0.3478877
-0.4066528 0.5906031 -0.276224
-0.3322245 0.6707435 -0.3322245
-0.3862553 0.6754936 -0.2644047
-0.3097168 0.7409813 -0.3097168
-0.3545209 0.7493137 -0.2491609
-0.288587 0.7887397 -0.288587
-0.3097168 0.8098695 -0.2408286
-0.3862553 0.7645574 -0.1753408
-0.3322245 0.8323771 -0.1705908
-0.4066527 0.7763767 -0.09045049
-0.3478877 0.8480405 -0.08829317
-0.4134532 0.7810512 2.698768E-08
-0.3534456 0.8535982 2.698768E-08
-0.426403 0.6845816 -0.1844288
-0.4514525 0.6926603 -0.09475737
-0.4597644 0.6962755 2.803014E-08
-0.4514525 0.5949101 -0.1925075
-0.4798335 0.5991659 -0.0990132
-0.4895244 0.6012139 2.698768E-08
-0.4895244 0.5004234 -0.1010614
-0.4597643 0.5004234 -0.196123
-0.5 0.5001526 2.698768E-08
-0.4066528 0.7763766 0.09045063
-0.3478877 0.8480405 0.08829328
-0.3862553 0.7645574 0.1753409
-0.3322245 0.8323771 0.1705909
-0.3545209 0.7493137 0.249161
-0.3097168 0.8098695 0.2408287
-0.3097168 0.7409813 0.3097169
-0.288587 0.7887397 0.2885871
-0.3322245 0.6707435 0.3322246
-0.3862553 0.6754936 0.2644048
-0.3478878 0.5884459 0.3478878
-0.4066528 0.5906031 0.2762241
-0.3534454 0.5001526 0.3534455
-0.4134532 0.5001526 0.2808985
-0.426403 0.6845815 0.1844289
-0.4514525 0.5949101 0.1925076
-0.4597643 0.5001526 0.196123
-0.4514525 0.6926603 0.09475749
-0.4798335 0.5991659 0.09901333
-0.4895244 0.5001526 0.1010615
-0.4895243 -0.5004234 -0.1010614
-0.2885871 -0.7890102 -0.288587
-0.3097168 -0.7412519 -0.3097168
-0.249161 -0.7495843 -0.3545209
-0.2408286 -0.8101402 -0.3097168
-0.1753409 -0.7648281 -0.3862552
-0.1705907 -0.8326479 -0.3322244
-0.0904505 -0.7766473 -0.4066527
-0.08829313 -0.8483111 -0.3478877
9.853311E-08 -0.7813218 -0.4134532
9.853311E-08 -0.8538688 -0.3534455
-0.2644048 -0.6757641 -0.3862552
-0.3322245 -0.6710142 -0.3322245
-0.1844288 -0.6848523 -0.426403
-0.09475733 -0.6929309 -0.4514524
6.038614E-08 -0.6965463 -0.4597643
-0.276224 -0.590874 -0.4066527
-0.3478877 -0.5887166 -0.3478877
-0.1925075 -0.5951807 -0.4514524
-0.09901319 -0.5994366 -0.4798335
6.038614E-08 -0.6014845 -0.4895244
-0.2808985 -0.5004234 -0.4134532
-0.3534455 -0.5004234 -0.3534455
-0.196123 -0.5004234 -0.4597643
-0.1010613 -0.5004234 -0.4895244
2.223917E-08 -0.5004234 -0.5
0.09901334 -0.5994366 -0.4798335
0.09475752 -0.692931 -0.4514524
0.1925076 -0.5951807 -0.4514524
0.184429 -0.6848523 -0.426403
0.276224 -0.590874 -0.4066527
0.2644047 -0.6757641 -0.3862552
0.3478878 -0.5887166 -0.3478877
0.3322245 -0.6710142 -0.3322245
0.2491609 -0.7495843 -0.3545209
0.3097169 -0.7412519 -0.3097168
0.2408287 -0.8101401 -0.3097168
0.2885871 -0.7890103 -0.2885871
0.3534455 -0.5004234 -0.3534455
0.2808986 -0.5004234 -0.4134532
0.1705909 -0.8326479 -0.3322244
0.1753409 -0.7648281 -0.3862552
0.196123 -0.5004234 -0.4597643
0.08829332 -0.8483111 -0.3478877
0.09045064 -0.7766473 -0.4066527
0.3534455 0.5004234 -0.3534455
0.2808985 0.5004234 -0.4134532
0.3478878 0.5884459 -0.3478877
0.2762241 0.5906032 -0.4066527
0.3322245 0.6707435 -0.3322245
0.2644048 0.6754936 -0.3862552
0.3097169 0.7409813 -0.3097168
0.249161 0.7493137 -0.3545209
0.2885871 0.7887397 -0.288587
0.2408287 0.8098695 -0.3097168
0.175341 0.7645574 -0.3862552
0.1705909 0.8323771 -0.3322245
0.09045053 0.7763767 -0.4066527
0.08829325 0.8480405 -0.3478877
-1.59078E-08 0.7810512 -0.4134532
-1.59078E-08 0.8535982 -0.3534455
0.1844289 0.6845816 -0.4264029
0.09475747 0.6926603 -0.4514524
-1.59078E-08 0.6962755 -0.4597643
0.1925076 0.5949101 -0.4514524
0.09901327 0.5991659 -0.4798335
-1.59078E-08 0.6012139 -0.4895243
0.1010615 0.5004234 -0.4895243
0.1961231 0.5004234 -0.4597643
-1.59078E-08 0.5004234 -0.5
-0.09045057 0.7763765 -0.4066527
-0.08829321 0.8480405 -0.3478877
-0.1753409 0.7645574 -0.3862552
-0.1705908 0.832377 -0.3322245
-0.2491609 0.7493136 -0.3545209
-0.2408286 0.8098695 -0.3097168
-0.3097168 0.7409813 -0.3097168
-0.288587 0.7887397 -0.288587
-0.3322245 0.6707435 -0.3322245
-0.2644047 0.6754936 -0.3862552
-0.3478878 0.5884459 -0.3478877
-0.276224 0.5906032 -0.4066527
-0.3534454 0.5004234 -0.3534455
-0.2808985 0.5004234 -0.4134532
-0.1844288 0.6845815 -0.4264029
-0.1925076 0.5949101 -0.4514524
-0.196123 0.5004234 -0.4597643
-0.0947574 0.6926603 -0.4514524
-0.09901327 0.5991659 -0.4798335
-0.1010614 0.5004234 -0.4895243
0.1010615 -0.5004234 -0.4895244
0.2885871 -0.7890103 -0.2885871
0.3097169 -0.7412519 -0.3097168
0.3545209 -0.7495843 -0.2491609
0.3097169 -0.8101402 -0.2408286
0.3862552 -0.7648281 -0.1753408
0.3322245 -0.8326479 -0.1705908
0.4066526 -0.7766473 -0.09045049
0.3478877 -0.8483111 -0.08829316
0.4134532 -0.7810512 5.559791E-08
0.3534455 -0.8535981 5.559791E-08
0.3862552 -0.6757641 -0.2644047
0.3322245 -0.6710142 -0.3322245
0.4264029 -0.6848523 -0.1844288
0.4514523 -0.692931 -0.09475737
0.4597643 -0.6962755 5.664037E-08
0.4066526 -0.590874 -0.276224
0.3478878 -0.5887166 -0.3478877
0.4514523 -0.5951807 -0.1925075
0.4798335 -0.5994366 -0.0990132
0.4895242 -0.6012138 5.559791E-08
0.4134532 -0.5004234 -0.2808984
0.3534455 -0.5004234 -0.3534455
0.4597643 -0.5004234 -0.1961229
0.4895244 -0.5004234 -0.1010614
0.5 -0.5001526 2.698768E-08
0.5 0.5001526 2.698768E-08
0.4895243 0.5004234 -0.1010614
0.4895243 0.6012142 2.698768E-08
0.4798335 0.5991659 -0.0990132
0.4597642 0.5004234 -0.196123
0.4514524 0.5949101 -0.1925075
0.4134531 0.5004234 -0.2808984
0.4066527 0.5906032 -0.276224
0.3534455 0.5004234 -0.3534455
0.3478878 0.5884459 -0.3478877
0.3862552 0.6754936 -0.2644047
0.3322245 0.6707435 -0.3322245
0.354521 0.7493137 -0.2491609
0.3097169 0.7409813 -0.3097168
0.3097169 0.8098695 -0.2408286
0.2885871 0.7887397 -0.288587
0.3322246 0.832377 -0.1705908
0.3862552 0.7645573 -0.1753408
0.4264029 0.6845815 -0.1844288
0.3478878 0.8480405 -0.08829317
0.4066527 0.7763766 -0.09045051
0.4514524 0.6926603 -0.09475737
0.3534456 0.8535982 2.698768E-08
0.4134531 0.7810512 2.698768E-08
0.4597644 0.6962755 2.629271E-08
0.3097169 -0.8098695 0.2408286
0.3545209 -0.7493135 0.249161
0.3097169 -0.7409812 0.3097169
0.2885871 -0.7887395 0.2885871
0.3322245 -0.6707435 0.3322246
0.3862552 -0.6754933 0.2644048
0.3478878 -0.5884458 0.3478878
0.4066526 -0.5906032 0.276224
0.3534455 -0.5001526 0.3534455
0.4134532 -0.5001526 0.2808985
0.3322245 -0.8323771 0.1705908
0.3862552 -0.7645573 0.1753409
0.4264029 -0.6845815 0.1844289
0.4514523 -0.59491 0.1925076
0.4597643 -0.5001526 0.196123
0.3478877 -0.8480403 0.08829328
0.4066526 -0.7763765 0.09045061
0.4514523 -0.6926602 0.09475749
0.4798335 -0.5991659 0.09901333
0.4895244 -0.5001526 0.1010615
0.3534455 -0.8535981 5.559791E-08
0.4134532 -0.7810512 5.559791E-08
0.4597643 -0.6962755 5.664037E-08
0.4895242 -0.6012138 5.559791E-08
0.5 -0.5001526 2.698768E-08
0.4134531 0.5001526 0.2808985
0.3534455 0.5001526 0.3534455
0.3478878 0.5884459 0.3478878
0.4066527 0.5906032 0.2762241
0.3322245 0.6707435 0.3322246
0.3862552 0.6754936 0.2644048
0.3097169 0.7409813 0.3097169
0.354521 0.7493137 0.249161
0.2885871 0.7887397 0.2885871
0.3097169 0.8098695 0.2408287
0.3862552 0.7645573 0.1753409
0.3322246 0.832377 0.1705909
0.4066527 0.7763767 0.09045061
0.3478878 0.8480405 0.08829328
0.4134531 0.7810512 2.698768E-08
0.3534456 0.8535982 2.698768E-08
0.4264029 0.6845816 0.1844289
0.4514524 0.6926603 0.09475749
0.4597644 0.6962755 2.629271E-08
0.4514524 0.5949101 0.1925076
0.4798335 0.5991659 0.09901333
0.4895243 0.6012142 2.698768E-08
0.4895243 0.5001526 0.1010615
0.4597642 0.5001526 0.196123
0.5 0.5001526 2.698768E-08
0.2885871 -0.7887395 0.2885871
0.3097169 -0.7409812 0.3097169
0.249161 -0.7493135 0.3545209
0.2408287 -0.8098693 0.3097169
0.1753409 -0.7645573 0.3862553
0.1705909 -0.8323771 0.3322245
0.09045064 -0.7763765 0.4066526
0.08829332 -0.8480403 0.3478877
9.853311E-08 -0.781051 0.4134532
9.853311E-08 -0.8535981 0.3534455
0.2644047 -0.6754933 0.3862553
0.3322245 -0.6707435 0.3322246
0.184429 -0.6845815 0.426403
0.09475752 -0.6926602 0.4514524
6.038614E-08 -0.6962755 0.4597644
0.276224 -0.5906032 0.4066526
0.3478878 -0.5884458 0.3478878
0.1925076 -0.5949099 0.4514524
0.09901334 -0.5991658 0.4798335
6.038614E-08 -0.6012138 0.4895243
0.2808986 -0.5001526 0.4134532
0.3534455 -0.5001526 0.3534455
0.196123 -0.5001526 0.4597644
0.1010615 -0.5001526 0.4895243
2.223917E-08 -0.5001526 0.5
-0.09901319 -0.5991658 0.4798335
-0.09475733 -0.6926602 0.4514524
-0.1925075 -0.59491 0.4514524
-0.1844288 -0.6845815 0.426403
-0.276224 -0.5906032 0.4066526
-0.2644048 -0.6754933 0.3862553
-0.3478877 -0.5884458 0.3478878
-0.3322245 -0.6707435 0.3322246
-0.249161 -0.7493135 0.3545209
-0.3097168 -0.7409812 0.3097169
-0.2408286 -0.8098695 0.3097169
-0.2885871 -0.7887394 0.2885871
-0.3534455 -0.5001526 0.3534455
-0.2808985 -0.5001526 0.4134532
-0.1705907 -0.8323771 0.3322245
-0.1753409 -0.7645573 0.3862553
-0.196123 -0.5001526 0.4597644
-0.08829313 -0.8480403 0.3478877
-0.0904505 -0.7763765 0.4066526
-0.3534454 0.5001526 0.3534455
-0.2808985 0.5001526 0.4134532
-0.3478878 0.5884459 0.3478878
-0.276224 0.5906032 0.4066527
-0.3322245 0.6707435 0.3322246
-0.2644047 0.6754936 0.3862553
-0.3097168 0.7409813 0.3097169
-0.2491609 0.7493136 0.3545209
-0.288587 0.7887397 0.2885871
-0.2408286 0.8098695 0.3097169
-0.1753409 0.7645574 0.3862553
-0.1705908 0.832377 0.3322246
-0.09045056 0.7763766 0.4066527
-0.08829319 0.8480405 0.3478878
-1.59078E-08 0.7810512 0.4134532
-1.59078E-08 0.8535982 0.3534456
-0.1844288 0.6845816 0.426403
-0.09475739 0.6926603 0.4514524
-1.59078E-08 0.6962755 0.4597644
-0.1925076 0.5949101 0.4514524
-0.09901326 0.5991659 0.4798335
-1.59078E-08 0.6012139 0.4895244
-0.1010614 0.5001526 0.4895243
-0.196123 0.5001526 0.4597644
-1.59078E-08 0.5001526 0.5
0.09045062 0.7763766 0.4066527
0.08829325 0.8480405 0.3478878
0.175341 0.7645574 0.3862553
0.1705909 0.8323771 0.3322246
0.249161 0.7493137 0.3545209
0.2408287 0.8098695 0.3097169
0.3097169 0.7409813 0.3097169
0.2885871 0.7887397 0.2885871
0.3322245 0.6707435 0.3322246
0.2644048 0.6754936 0.3862553
0.3478878 0.5884459 0.3478878
0.2762241 0.5906032 0.4066527
0.3534455 0.5001526 0.3534455
0.2808985 0.5001526 0.4134532
0.1844289 0.6845815 0.426403
0.1925076 0.5949101 0.4514524
0.1961231 0.5001526 0.4597644
0.09475749 0.6926603 0.4514524
0.09901328 0.5991659 0.4798335
0.1010615 0.5001526 0.4895243
-0.1010613 -0.5001526 0.4895243
-0.5773504 -0.57735 0.5773504
-0.62011 -0.6201099 0.4805491
-0.4963574 -0.7122208 0.4963575
-0.480549 -0.6201098 0.6201102
-0.3492366 -0.774617 0.5272593
-0.3411001 -0.6646994 0.6646996
-0.180537 -0.8148447 0.550849
-0.1769256 -0.6959512 0.695952
0 -0.8287547 0.5596121
0 -0.7071061 0.7071074
-0.5272589 -0.7746171 0.3492368
-0.6646993 -0.6646994 0.3411005
-0.3670154 -0.8547511 0.3670154
-0.1887284 -0.9043404 0.3828187
0 -0.9212478 0.3889762
-0.5508487 -0.8148449 0.1805373
-0.6959519 -0.6959513 0.1769257
-0.3828184 -0.9043404 0.1887285
-0.1964684 -0.9606249 0.1964684
0 -0.9798718 0.1996277
-0.5595933 -0.8287665 0.001222173
-0.7071055 -0.7071072 0.001062799
-0.3889485 -0.9212585 0.001304359
-0.1996065 -0.9798752 0.00133452
0 -0.9999992 0.001340148
0 -0.9999992 0.001340148
0.1964683 -0.960625 0.196468
0.1887278 -0.9043405 0.3828186
0.3828185 -0.9043406 0.1887276
0.3670155 -0.8547511 0.3670154
0.5508491 -0.8148445 0.1805368
0.5272598 -0.7746167 0.3492366
0.6959521 -0.695951 0.1769261
0.6646997 -0.6646991 0.3411002
0.4963577 -0.7122204 0.4963577
0.6201102 -0.6201099 0.4805489
0.4805491 -0.6201099 0.6201099
0.5773503 -0.5773502 0.5773504
0.7071055 -0.7071072 0.001062795
0.5595933 -0.8287665 0.001222175
0.3411002 -0.6646994 0.6646994
0.3492367 -0.7746165 0.5272599
0.3889485 -0.9212585 0.001304361
0.1769256 -0.6959513 0.695952
0.1805366 -0.8148445 0.5508493
0.1996068 -0.9798751 0.001334521
0 -0.9999992 0.001340148
0.5773503 -0.5773501 -0.5773506
0.6201102 -0.62011 -0.4805488
0.4963575 -0.7122206 -0.4963576
0.4805489 -0.6201099 -0.6201102
0.3492367 -0.7746166 -0.5272598
0.3411006 -0.6646994 -0.6646992
0.1805367 -0.8148445 -0.5508491
0.1769258 -0.6959516 -0.6959516
0 -0.8287548 -0.5596118
0 -0.7071066 -0.7071069
0.5272598 -0.7746167 -0.3492366
0.6646997 -0.6646991 -0.3411001
0.3670156 -0.8547511 -0.3670154
0.1887278 -0.9043405 -0.3828186
0 -0.9212478 -0.3889762
0.550954 -0.815039 -0.1793351
0.6960831 -0.696085 -0.1758805
0.382887 -0.9045779 -0.187447
0.1964995 -0.9608853 -0.1951596
0 -0.9801384 -0.1983145
0.5595933 -0.8287665 0.001222175
0.7071055 -0.7071072 0.001062795
0.3889485 -0.9212585 0.001304361
0.1996068 -0.9798751 0.001334521
0 -0.9999992 0.001340148
0 -0.9999992 0.001340148
-0.1964996 -0.9608852 -0.19516
-0.1887284 -0.9043404 -0.3828187
-0.382887 -0.9045777 -0.1874478
-0.3670154 -0.8547511 -0.3670154
-0.5509536 -0.8150392 -0.1793355
-0.5272589 -0.7746171 -0.3492367
-0.696083 -0.6960853 -0.1758801
-0.6646993 -0.6646994 -0.3411004
-0.4963573 -0.712221 -0.4963575
-0.62011 -0.6201099 -0.4805491
-0.4805489 -0.6201102 -0.6201099
-0.5773505 -0.5773501 -0.5773501
-0.3411001 -0.6646996 -0.6646993
-0.3492365 -0.7746171 -0.5272591
-0.1769258 -0.6959516 -0.6959516
-0.180537 -0.8148447 -0.5508488
0 -0.9999992 0.001340148
-0.5773504 0.5773503 0.5773502
-0.4805489 0.6201097 0.6201102
-0.4963579 0.7122203 0.4963578
-0.62011 0.6201099 0.4805489
-0.5272598 0.7746165 0.3492368
-0.6646993 0.6646993 0.3411008
-0.5508491 0.8148448 0.180536
-0.6959514 0.6959519 0.1769255
-0.5596119 0.8287549 0
-0.7071064 0.7071071 0
-0.349237 0.7746164 0.5272598
-0.3411008 0.6646989 0.6646997
-0.3670156 0.8547511 0.3670152
-0.3828191 0.9043404 0.1887274
-0.388977 0.9212475 0
-0.1805361 0.8148447 0.5508493
-0.1769256 0.6959513 0.6959519
-0.1887276 0.9043404 0.3828189
-0.1964681 0.9606251 0.196468
-0.1996275 0.9798718 0
0 0.8287548 0.5596118
0 0.7071066 0.7071069
0 0.9212476 0.3889768
0 0.9798719 0.1996274
0 1 0
0 1 0
-0.1964682 0.9606251 -0.196468
-0.3828191 0.9043404 -0.1887274
-0.1887276 0.9043404 -0.382819
-0.3670155 0.8547511 -0.3670153
-0.1805361 0.8148447 -0.5508493
-0.3492369 0.7746165 -0.5272598
-0.1769257 0.6959515 -0.6959518
-0.3411007 0.664699 -0.6646997
-0.4963578 0.7122203 -0.4963579
-0.4805488 0.6201099 -0.6201102
-0.62011 0.6201099 -0.4805489
-0.5773504 0.5773503 -0.5773502
0 0.7071069 -0.7071066
0 0.8287548 -0.5596118
-0.6646993 0.6646991 -0.3411008
-0.5272598 0.7746165 -0.3492368
0 0.9212476 -0.3889768
-0.6959515 0.6959518 -0.1769255
-0.5508491 0.8148448 -0.180536
0.1769254 0.6959516 -0.6959516
0.1805359 0.8148449 -0.5508491
0.3411007 0.6646991 -0.6646996
0.3492368 0.7746166 -0.5272597
0.480549 0.6201099 -0.62011
0.4963579 0.7122204 -0.4963577
0.5773504 0.5773502 -0.5773503
0.6201104 0.6201097 -0.4805486
0.5272598 0.7746166 -0.3492367
0.6647001 0.6646987 -0.3411004
0.5508491 0.8148447 -0.1805361
0.6959522 0.6959511 -0.1769257
0.5596119 0.8287548 0
0.7071071 0.7071064 0
0.3670152 0.8547512 -0.3670152
0.3828186 0.9043406 -0.1887276
0.3889765 0.9212477 0
0.1887275 0.9043406 -0.3828187
0.196468 0.9606251 -0.1964681
0.1996274 0.9798719 0
0 0.9798719 -0.1996274
0 1 0
0 1 0
0 1 0
0.6201104 0.6201097 0.4805486
0.4963579 0.7122203 0.4963576
0.4805491 0.6201098 0.62011
0.5773503 0.5773502 0.5773503
0.3411005 0.6646991 0.6646996
0.3492366 0.7746167 0.5272596
0.1769253 0.6959515 0.6959518
0.1805359 0.8148449 0.5508491
0.6647 0.6646987 0.3411006
0.5272598 0.7746164 0.3492369
0.3670151 0.8547512 0.3670154
0.1887275 0.9043405 0.3828189
0.6959522 0.6959511 0.1769257
0.5508493 0.8148447 0.1805361
0.3828185 0.9043406 0.1887276
0.196468 0.9606251 0.1964681
0.7071071 0.7071064 0
0.5596119 0.8287548 0
0.3889765 0.9212477 0
0.1996274 0.9798719 0
0 1 0
-0.5773504 -0.57735 0.5773504
-0.6201097 -0.4805492 0.62011
-0.7122203 -0.4963579 0.4963578
-0.62011 -0.6201099 0.4805491
-0.7746164 -0.52726 0.3492368
-0.6646993 -0.6646994 0.3411005
-0.8148445 -0.5508496 0.180536
-0.6959519 -0.6959513 0.1769257
-0.8287613 -0.5596018 0.0008282576
-0.7071055 -0.7071072 0.001062799
-0.7746165 -0.3492368 0.5272598
-0.6646991 -0.3411005 0.6646997
-0.8547508 -0.3670157 0.3670158
-0.9043403 -0.3828192 0.1887273
-0.9212518 -0.3889665 0.0005541048
-0.8148445 -0.1805358 0.5508496
-0.6959514 -0.1769252 0.6959519
-0.9043404 -0.1887271 0.3828191
-0.960551 -0.196649 0.1966492
-0.9797957 -0.2000009 0.0002745861
-0.8274335 -0.04577384 0.5596951
-0.7063921 -0.04494784 0.7063922
-0.9197769 -0.04768356 0.3895341
-0.9783834 -0.0497417 0.2007278
-0.9987125 -0.05072746 6.794848E-05
-0.9606047 -0.196656 -0.1963801
-0.9044408 -0.3828496 -0.1881833
-0.9043404 -0.1887272 -0.3828191
-0.8547508 -0.3670157 -0.3670157
-0.8148445 -0.1805358 -0.5508494
-0.7746165 -0.3492368 -0.5272598
-0.6959518 -0.1769254 -0.6959516
-0.6646992 -0.3411005 -0.6646994
-0.7122203 -0.4963579 -0.4963578
-0.6201099 -0.4805492 -0.6201098
-0.62011 -0.6201099 -0.4805491
-0.5773505 -0.5773501 -0.5773501
-0.7063924 -0.04494783 -0.7063919
-0.8274336 -0.04577385 -0.5596949
-0.6646993 -0.6646994 -0.3411004
-0.7746164 -0.52726 -0.3492368
-0.9197769 -0.04768356 -0.3895341
-0.696083 -0.6960853 -0.1758801
-0.814975 -0.5509228 -0.1797215
-0.7063879 0.04508317 -0.7063878
-0.827427 0.04590931 -0.5596935
-0.6959345 0.1770589 -0.6959348
-0.814823 0.1806695 -0.5508377
-0.664699 0.3411009 -0.6646994
-0.7746164 0.3492373 -0.5272597
-0.6201098 0.4805492 -0.62011
-0.7122203 0.496358 -0.4963577
-0.5773504 0.5773503 -0.5773502
-0.62011 0.6201099 -0.4805489
-0.7746162 0.5272601 -0.3492371
-0.6646993 0.6646991 -0.3411008
-0.8148445 0.5508495 -0.1805363
-0.6959515 0.6959518 -0.1769255
-0.8287547 0.5596122 0
-0.7071064 0.7071071 0
-0.8547508 0.3670158 -0.3670157
-0.9043404 0.382819 -0.1887275
-0.9212477 0.3889765 0
-0.9043157 0.1888608 -0.3828117
-0.9605377 0.19675 -0.1966133
-0.9797882 0.2000375 3.410011E-05
-0.978385 0.04984403 -0.2006948
-0.9197697 0.04781944 -0.3895342
-0.9987108 0.05076177 3.399785E-05
-0.8148445 0.5508494 0.1805363
-0.6959514 0.6959519 0.1769255
-0.7746162 0.5272601 0.3492371
-0.6646993 0.6646993 0.3411008
-0.7122203 0.4963581 0.4963577
-0.62011 0.6201099 0.4805489
-0.6201096 0.4805492 0.62011
-0.5773504 0.5773503 0.5773502
-0.664699 0.3411008 0.6646996
-0.7746164 0.3492372 0.5272597
-0.6959513 0.176925 0.6959522
-0.8148445 0.1805359 0.5508496
-0.7063919 0.04494741 0.7063924
-0.8274335 0.04577361 0.5596952
-0.8547508 0.3670157 0.3670157
-0.9043404 0.1887275 0.382819
-0.9197769 0.04768372 0.389534
-0.9043405 0.3828189 0.1887275
-0.9605509 0.1966492 0.1966493
-0.9783834 0.04974189 0.2007277
-0.9783971 -0.04974205 -0.2006612
-0.5773505 -0.5773501 -0.5773501
-0.6201099 -0.4805492 -0.6201098
-0.4963577 -0.4963578 -0.7122204
-0.4805489 -0.6201102 -0.6201099
-0.3492366 -0.52726 -0.7746165
-0.3411001 -0.6646996 -0.6646993
-0.1805362 -0.5508496 -0.8148444
-0.1769258 -0.6959516 -0.6959516
0 -0.5596122 -0.8287545
0 -0.7071066 -0.7071069
-0.5272598 -0.3492367 -0.7746165
-0.6646992 -0.3411005 -0.6646994
-0.3670156 -0.3670157 -0.8547509
-0.1887274 -0.3828189 -0.9043405
0 -0.3889765 -0.9212477
-0.5508494 -0.1805364 -0.8148445
-0.6959518 -0.1769254 -0.6959516
-0.3828188 -0.1887277 -0.9043404
-0.1966492 -0.1966494 -0.9605509
0 -0.200005 -0.9797949
-0.5596951 -0.04577414 -0.8274335
-0.7063924 -0.04494783 -0.7063919
-0.3895338 -0.04768404 -0.919777
-0.2007278 -0.0497422 -0.9783834
0 -0.05072817 -0.9987125
0.1966494 -0.1966493 -0.9605509
0.1887275 -0.382819 -0.9043404
0.382819 -0.1887276 -0.9043403
0.3670161 -0.3670158 -0.8547505
0.5508495 -0.1805366 -0.8148443
0.5272598 -0.3492371 -0.7746164
0.6959521 -0.1769258 -0.695951
0.6646994 -0.3411006 -0.6646991
0.4963577 -0.4963575 -0.7122207
0.6201101 -0.4805487 -0.6201102
0.4805489 -0.6201099 -0.6201102
0.5773503 -0.5773501 -0.5773506
0.7063926 -0.04494793 -0.7063917
0.5596951 -0.04577413 -0.8274335
0.3411006 -0.6646994 -0.6646992
0.3492372 -0.5272599 -0.7746162
0.3895339 -0.04768404 -0.919777
0.1769258 -0.6959516 -0.6959516
0.1805363 -0.5508496 -0.8148444
0.7063882 0.04508324 -0.7063874
0.5596935 0.04590956 -0.827427
0.6959351 0.177059 -0.6959342
0.5508376 0.1806698 -0.8148229
0.6646997 0.3411005 -0.664699
0.5272598 0.349237 -0.7746165
0.6201102 0.4805487 -0.6201099
0.4963576 0.4963577 -0.7122205
0.5773504 0.5773502 -0.5773503
0.480549 0.6201099 -0.62011
0.3492368 0.5272598 -0.7746165
0.3411007 0.6646991 -0.6646996
0.1805363 0.5508493 -0.8148445
0.1769254 0.6959516 -0.6959516
0 0.5596118 -0.8287548
0 0.7071069 -0.7071066
0.3670156 0.3670157 -0.8547509
0.1887274 0.3828188 -0.9043405
0 0.3889762 -0.9212478
0.3828116 0.1888611 -0.9043157
0.1966459 0.1967829 -0.9605243
0 0.2001389 -0.9797676
0.2007285 0.04987827 -0.9783763
0.389534 0.0478196 -0.9197698
0 0.05086477 -0.9987055
-0.1805366 0.5508492 -0.8148445
-0.1769257 0.6959515 -0.6959518
-0.349237 0.5272598 -0.7746165
-0.3411007 0.664699 -0.6646997
-0.4963574 0.4963577 -0.7122207
-0.4805488 0.6201099 -0.6201102
-0.6201098 0.4805492 -0.62011
-0.5773504 0.5773503 -0.5773502
-0.664699 0.3411009 -0.6646994
-0.5272595 0.3492371 -0.7746167
-0.6959345 0.1770589 -0.6959348
-0.5508375 0.1806699 -0.814823
-0.7063879 0.04508317 -0.7063878
-0.5596935 0.04590972 -0.827427
-0.3670158 0.3670159 -0.8547507
-0.3828117 0.1888611 -0.9043155
-0.3895341 0.04781964 -0.9197698
-0.1887276 0.382819 -0.9043404
-0.196646 0.196783 -0.9605243
-0.2007285 0.04987822 -0.9783763
0.2007278 -0.04974218 -0.9783834
0.5773503 -0.5773501 -0.5773506
0.6201101 -0.4805487 -0.6201102
0.7122211 -0.4963572 -0.4963574
0.6201102 -0.62011 -0.4805488
0.7746168 -0.5272596 -0.3492365
0.6646997 -0.6646991 -0.3411001
0.814975 -0.5509226 -0.1797223
0.6960831 -0.696085 -0.1758805
0.8287613 -0.5596017 0.0008282595
0.7071055 -0.7071072 0.001062795
0.774617 -0.3492366 -0.5272593
0.6646994 -0.3411006 -0.6646991
0.8547508 -0.3670157 -0.3670157
0.9044408 -0.3828493 -0.1881839
0.921252 -0.3889661 0.0005541104
0.8148447 -0.1805365 -0.550849
0.6959521 -0.1769258 -0.695951
0.9043402 -0.188728 -0.3828193
0.9606044 -0.1966567 -0.1963803
0.9797956 -0.2000014 0.0002745824
0.8274337 -0.04577435 -0.5596947
0.7063926 -0.04494793 -0.7063917
0.9197768 -0.04768436 -0.3895342
0.9783971 -0.04974281 -0.2006613
0.9987125 -0.05072808 6.793537E-05
0.9987108 0.05076212 3.399035E-05
0.978385 0.04984423 -0.2006951
0.9797882 0.2000377 3.410387E-05
0.9605376 0.1967501 -0.1966136
0.9197697 0.04781957 -0.3895342
0.9043156 0.1888611 -0.3828118
0.8274273 0.04590958 -0.5596932
0.8148231 0.1806699 -0.5508373
0.7063882 0.04508324 -0.7063874
0.6959351 0.177059 -0.6959342
0.7746168 0.3492368 -0.5272592
0.6646997 0.3411005 -0.664699
0.7122211 0.4963574 -0.4963571
0.6201102 0.4805487 -0.6201099
0.6201104 0.6201097 -0.4805486
0.5773504 0.5773502 -0.5773503
0.6647001 0.6646987 -0.3411004
0.774617 0.5272593 -0.3492366
0.8547509 0.3670157 -0.3670155
0.6959522 0.6959511 -0.1769257
0.8148447 0.550849 -0.1805367
0.9043402 0.3828191 -0.188728
0.7071071 0.7071064 0
0.8287549 0.5596119 0
0.9212476 0.3889766 0
0.6201102 -0.6201099 0.4805489
0.712221 -0.4963574 0.4963574
0.6201101 -0.4805489 0.6201099
0.5773503 -0.5773502 0.5773504
0.6646996 -0.3411004 0.6646991
0.7746168 -0.3492366 0.5272594
0.6959518 -0.1769256 0.6959515
0.8148447 -0.1805365 0.5508491
0.7063923 -0.04494796 0.706392
0.8274336 -0.04577433 0.5596948
0.6646997 -0.6646991 0.3411002
0.7746167 -0.5272596 0.3492366
0.8547508 -0.3670157 0.3670158
0.9043402 -0.188728 0.3828193
0.9197768 -0.04768436 0.3895342
0.6959521 -0.695951 0.1769261
0.8148444 -0.5508494 0.1805367
0.9043403 -0.3828189 0.1887279
0.9605508 -0.1966497 0.1966494
0.9783834 -0.04974244 0.2007279
0.7071055 -0.7071072 0.001062795
0.8287613 -0.5596017 0.0008282595
0.921252 -0.3889661 0.0005541104
0.9797956 -0.2000014 0.0002745824
0.9987125 -0.05072808 6.793537E-05
0.8274336 0.04577388 0.5596948
0.7063923 0.04494748 0.706392
0.695952 0.1769251 0.6959514
0.8148447 0.1805362 0.5508491
0.6646997 0.3411004 0.6646991
0.7746168 0.3492366 0.5272593
0.62011 0.4805488 0.6201099
0.7122211 0.4963575 0.4963571
0.5773503 0.5773502 0.5773503
0.6201104 0.6201097 0.4805486
0.7746168 0.5272595 0.3492367
0.6647 0.6646987 0.3411006
0.8148447 0.5508491 0.1805367
0.6959522 0.6959511 0.1769257
0.8287549 0.5596119 0
0.7071071 0.7071064 0
0.8547508 0.3670157 0.3670157
0.9043403 0.382819 0.1887279
0.9212476 0.3889766 0
0.9043404 0.1887276 0.382819
0.9605509 0.1966493 0.1966496
0.9797882 0.2000377 3.410387E-05
0.9783834 0.04974211 0.200728
0.9197769 0.04768387 0.389534
0.9987108 0.05076212 3.399035E-05
0.5773503 -0.5773502 0.5773504
0.6201101 -0.4805489 0.6201099
0.4963578 -0.4963576 0.7122204
0.4805491 -0.6201099 0.6201099
0.3492365 -0.5272599 0.7746166
0.3411002 -0.6646994 0.6646994
0.1805361 -0.5508495 0.8148445
0.1769256 -0.6959513 0.695952
0 -0.5596122 0.8287547
0 -0.7071061 0.7071074
0.5272596 -0.3492364 0.7746168
0.6646996 -0.3411004 0.6646991
0.3670158 -0.3670155 0.8547509
0.1887276 -0.3828191 0.9043403
0 -0.3889768 0.9212476
0.5508492 -0.1805364 0.8148445
0.6959518 -0.1769256 0.6959515
0.3828192 -0.1887278 0.9043403
0.1966494 -0.1966493 0.9605509
0 -0.2000047 0.979795
0.5596952 -0.04577447 0.8274333
0.7063923 -0.04494796 0.706392
0.3895338 -0.04768437 0.9197769
0.2007274 -0.04974207 0.9783835
0 -0.0507279 0.9987125
-0.1966492 -0.1966494 0.9605509
-0.1887275 -0.382819 0.9043404
-0.3828189 -0.1887279 0.9043403
-0.3670155 -0.3670155 0.8547511
-0.5508491 -0.1805363 0.8148447
-0.5272595 -0.3492365 0.7746168
-0.6959514 -0.1769252 0.6959519
-0.6646991 -0.3411005 0.6646997
-0.4963576 -0.4963578 0.7122205
-0.6201097 -0.4805492 0.62011
-0.480549 -0.6201098 0.6201102
-0.5773504 -0.57735 0.5773504
-0.7063921 -0.04494784 0.7063922
-0.5596952 -0.0457745 0.8274335
-0.3411001 -0.6646994 0.6646996
-0.3492363 -0.5272599 0.7746167
-0.3895338 -0.04768438 0.919777
-0.1769256 -0.6959512 0.695952
-0.180536 -0.5508495 0.8148445
-0.7063919 0.04494741 0.7063924
-0.5596952 0.04577408 0.8274335
-0.6959513 0.176925 0.6959522
-0.5508493 0.180536 0.8148447
-0.664699 0.3411008 0.6646996
-0.5272595 0.3492369 0.7746167
-0.6201096 0.4805492 0.62011
-0.4963573 0.4963578 0.7122207
-0.5773504 0.5773503 0.5773502
-0.4805489 0.6201097 0.6201102
-0.3492368 0.5272597 0.7746166
-0.3411008 0.6646989 0.6646997
-0.1805364 0.5508491 0.8148447
-0.1769256 0.6959513 0.6959519
0 0.5596117 0.8287549
0 0.7071066 0.7071069
-0.3670157 0.3670157 0.8547508
-0.1887276 0.3828191 0.9043403
0 0.3889766 0.9212476
-0.382819 0.1887276 0.9043404
-0.1966493 0.1966492 0.9605509
0 0.2000046 0.979795
-0.2007274 0.04974183 0.9783835
-0.3895338 0.04768405 0.919777
0 0.05072768 0.9987125
0.1805362 0.550849 0.8148448
0.1769253 0.6959515 0.6959518
0.3492366 0.5272596 0.7746167
0.3411005 0.6646991 0.6646996
0.4963576 0.4963576 0.7122206
0.4805491 0.6201098 0.62011
0.62011 0.4805488 0.6201099
0.5773503 0.5773502 0.5773503
0.6646997 0.3411004 0.6646991
0.5272595 0.3492368 0.7746167
0.695952 0.1769251 0.6959514
0.5508494 0.180536 0.8148447
0.7063923 0.04494748 0.706392
0.5596953 0.0457739 0.8274333
0.3670155 0.3670156 0.854751
0.3828188 0.1887276 0.9043404
0.3895338 0.04768401 0.919777
0.1887276 0.382819 0.9043404
0.1966493 0.1966492 0.9605509
0.2007274 0.04974188 0.9783835
-0.2007273 -0.04974207 0.9783835
0.3747415 0.1116064
0.3945965 0.101205
0.3747415 0.07915002
0.3548864 0.101205
0.3428674 0.06352869
0.3251318 0.09012553
0.2999423 0.05348793
0.289112 0.08241525
0.2494673 0.05014029
0.2494673 0.0796794
0.4066154 0.06352869
0.424351 0.09012553
0.3747414 0.0437659
0.322426 0.03143513
0.2494673 0.02734354
0.4495406 0.05348793
0.4603709 0.08241525
0.4270568 0.03143519
0.3747414 0.01746431
0.2494672 0.01269409
0.5000156 0.05014023
0.5000156 0.0796794
0.5000156 0.02734354
0.5000155 0.01269409
0.2479448 0.001159281
0.2479448 0.001159281
0.1307429 0.01717591
0.1765086 0.03143513
0.07187784 0.03143519
0.1241932 0.04376575
0.0493941 0.05348793
0.09231928 0.06352863
0.03856385 0.08241525
0.07458362 0.09012553
0.1241933 0.07915002
0.1043381 0.101205
0.1440483 0.1012051
0.1241932 0.1116063
-0.001080871 0.0796794
-0.001080871 0.05014023
0.1738029 0.09012553
0.1560673 0.06352869
-0.001080811 0.02734354
0.2098226 0.08241525
0.1989924 0.05348796
-0.001080811 0.01269409
0.2479448 0.001159281
0.875838 0.1116063
0.8956931 0.101205
0.875838 0.07915002
0.855983 0.1012051
0.8439641 0.06352869
0.8262284 0.09012553
0.8010389 0.05348796
0.7902086 0.08241525
0.7505639 0.05014029
0.7505639 0.0796794
0.907712 0.06352863
0.9254475 0.09012553
0.875838 0.04376575
0.8235227 0.03143513
0.750564 0.02734354
0.9506372 0.05348793
0.9614674 0.08241525
0.9281535 0.03143519
0.8758381 0.01746437
0.7505633 0.01270002
0.9989232 0.05014023
0.9989232 0.0796794
0.9989232 0.02734354
0.9989232 0.01269409
0.7516854 0.001827359
0.7516854 0.001827359
0.6252897 0.01746431
0.6776052 0.03143513
0.5729743 0.03143519
0.6252897 0.0437659
0.5504906 0.05348793
0.5934157 0.06352869
0.5396603 0.08241525
0.5756801 0.09012553
0.6252897 0.07915002
0.6054347 0.101205
0.6451448 0.101205
0.6252897 0.1116064
0.6748993 0.09012553
0.6571637 0.06352869
0.7109192 0.08241525
0.7000889 0.05348793
0.7516854 0.001827359
0.3747414 0.8883938
0.3548864 0.898795
0.3747414 0.92085
0.3945965 0.898795
0.4066154 0.9364715
0.424351 0.9098744
0.4495406 0.9465121
0.4603709 0.9175849
0.5000156 0.9498596
0.5000156 0.9203206
0.3428675 0.9364715
0.3251318 0.9098744
0.3747415 0.9562342
0.4270569 0.9685649
0.5000156 0.9726565
0.2999423 0.9465121
0.2891121 0.9175849
0.322426 0.9685649
0.3747414 0.9825357
0.499487 0.987865
0.2494673 0.9498596
0.2494673 0.9203206
0.2494673 0.9726565
0.2494673 0.987306
0.2445195 0.9983703
0.2445195 0.9983703
0.6248355 0.9832778
0.5730095 0.9684981
0.6776099 0.9685634
0.6252897 0.9562342
0.7000888 0.9465121
0.6571637 0.9364715
0.7109192 0.9175849
0.6748993 0.9098744
0.6252897 0.92085
0.6451448 0.898795
0.6054347 0.898795
0.6252897 0.8883938
0.7505639 0.9203206
0.7505639 0.9498596
0.5756801 0.9098744
0.5934157 0.9364715
0.7497658 0.9727464
0.5396603 0.9175849
0.5504906 0.9465121
0.7902086 0.9175849
0.8010389 0.9465121
0.8262284 0.9098744
0.8439641 0.9364715
0.855983 0.898795
0.875838 0.92085
0.875838 0.8883938
0.8956931 0.898795
0.907712 0.9364715
0.9254475 0.9098744
0.9506372 0.9465121
0.9614674 0.9175849
0.9989232 0.9498596
0.9989232 0.9203206
0.875838 0.9562342
0.9281534 0.9685649
0.9989232 0.9726565
0.8235226 0.9685649
0.8692358 0.9825802
0.9989232 0.987306
0.7459595 0.987682
0.7467811 1.000005
0.7467811 1.000005
0.7467811 1.000005
0.1043381 0.898795
0.1241932 0.92085
0.1440483 0.898795
0.1241932 0.8883938
0.1738029 0.9098744
0.1560672 0.9364715
0.2098227 0.9175849
0.1989924 0.9465121
0.07458362 0.9098744
0.09231925 0.9364715
0.1241932 0.9562342
0.1765464 0.9685696
0.03856385 0.9175849
0.0493941 0.9465121
0.07187784 0.9685649
0.1241933 0.9825357
-0.001080871 0.9203206
-0.001080871 0.9498596
-0.001080811 0.9726565
-0.001080811 0.987306
0.2445195 0.9983703
0.3747415 0.1116064
0.3747415 0.1351155
0.4023019 0.131014
0.3945965 0.101205
0.4320454 0.1235102
0.424351 0.09012553
0.4651059 0.1176921
0.4603709 0.08241525
0.5000156 0.115391
0.5000156 0.0796794
0.4042701 0.1673523
0.3747414 0.1696904
0.4349021 0.1628785
0.4670156 0.1589018
0.5000156 0.1571221
0.404844 0.2091398
0.3747414 0.2102017
0.4357241 0.2070198
0.4675576 0.2049248
0.5000156 0.2039166
0.4048294 0.2536645
0.3747415 0.2536645
0.4357032 0.2536645
0.4675425 0.2536645
0.5000156 0.2536645
0.5324736 0.2049248
0.5330155 0.1589018
0.5643071 0.2070198
0.5651291 0.1628785
0.5951872 0.2091398
0.595761 0.1673523
0.6252897 0.2102017
0.6252897 0.1696904
0.5977292 0.131014
0.6252897 0.1351155
0.6054347 0.101205
0.6252897 0.1116064
0.6252897 0.2536645
0.5952017 0.2536645
0.5756801 0.09012553
0.5679857 0.1235102
0.564328 0.2536645
0.5396603 0.08241525
0.5349253 0.1176921
0.6252897 0.7463356
0.5952017 0.7463356
0.6252897 0.7897983
0.5951872 0.7908602
0.6252897 0.8303096
0.595761 0.8326479
0.6252897 0.8648845
0.5977293 0.8689861
0.6252897 0.8883938
0.6054347 0.898795
0.5679857 0.8764899
0.5756801 0.9098744
0.5349253 0.882308
0.5396603 0.9175849
0.5000156 0.884609
0.5000156 0.9203206
0.5651291 0.8371215
0.5330155 0.8410982
0.5000156 0.8428779
0.5643071 0.7929803
0.5324736 0.7950753
0.5000156 0.7960834
0.5324886 0.7463356
0.564328 0.7463356
0.5000156 0.7463356
0.4651059 0.882308
0.4603709 0.9175849
0.4320454 0.8764899
0.424351 0.9098744
0.4023019 0.8689861
0.3945965 0.898795
0.3747414 0.8648845
0.3747414 0.8883938
0.3747414 0.8303096
0.4042701 0.8326479
0.3747415 0.7897983
0.404844 0.7908602
0.3747414 0.7463356
0.4048294 0.7463356
0.4349021 0.8371215
0.4357241 0.7929803
0.4357032 0.7463356
0.4670156 0.8410982
0.4675576 0.7950753
0.4675425 0.7463356
0.5324886 0.2536645
0.6252897 0.1116064
0.6252897 0.1351155
0.6528502 0.1310139
0.6451448 0.101205
0.6825937 0.1235101
0.6748993 0.09012553
0.7156542 0.1176921
0.7109192 0.08241525
0.7505639 0.115391
0.7505639 0.0796794
0.6548183 0.1673523
0.6252897 0.1696904
0.6854504 0.1628785
0.7175639 0.1589018
0.7505639 0.1571221
0.6553922 0.2091398
0.6252897 0.2102017
0.6862724 0.2070197
0.7181059 0.2049248
0.7505639 0.2039167
0.6553777 0.2536645
0.6252897 0.2536645
0.6862515 0.2536645
0.7180908 0.2536645
0.7505639 0.2536645
0.7830218 0.2049248
0.7835639 0.1589018
0.8148555 0.2070198
0.8156774 0.1628785
0.8457354 0.2091398
0.8463094 0.1673523
0.875838 0.2102017
0.875838 0.1696904
0.8482776 0.131014
0.875838 0.1351155
0.855983 0.1012051
0.875838 0.1116063
0.875838 0.2536645
0.84575 0.2536644
0.8262284 0.09012553
0.818534 0.1235101
0.8148762 0.2536645
0.7902086 0.08241525
0.7854736 0.1176921
0.875838 0.7463356
0.84575 0.7463356
0.875838 0.7897983
0.8457354 0.7908603
0.875838 0.8303096
0.8463094 0.8326479
0.875838 0.8648845
0.8482776 0.8689861
0.875838 0.8883938
0.855983 0.898795
0.818534 0.8764899
0.8262284 0.9098744
0.7854735 0.882308
0.7902086 0.9175849
0.7505639 0.884609
0.7505639 0.9203206
0.8156774 0.8371215
0.7835639 0.8410982
0.7505639 0.8428779
0.8148553 0.7929803
0.7830218 0.7950753
0.7505639 0.7960834
0.7830369 0.7463356
0.8148762 0.7463356
0.7505639 0.7463356
0.7156542 0.8823079
0.7109192 0.9175849
0.6825937 0.8764899
0.6748993 0.9098744
0.6528502 0.8689861
0.6451448 0.898795
0.6252897 0.8648845
0.6252897 0.8883938
0.6252897 0.8303096
0.6548183 0.8326479
0.6252897 0.7897983
0.6553922 0.7908602
0.6252897 0.7463356
0.6553777 0.7463356
0.6854503 0.8371215
0.6862724 0.7929803
0.6862515 0.7463356
0.7175639 0.8410982
0.7181059 0.7950753
0.7180908 0.7463356
0.7830369 0.2536645
0.875838 0.1116063
0.875838 0.1351155
0.9033985 0.131014
0.8956931 0.101205
0.9331419 0.1235101
0.9254475 0.09012553
0.9662024 0.1176921
0.9614674 0.08241525
0.9989232 0.1153909
0.9989232 0.0796794
0.9053665 0.1673523
0.875838 0.1696904
0.9359986 0.1628785
0.9681121 0.1589018
0.9989232 0.1571221
0.9059405 0.2091398
0.875838 0.2102017
0.9368206 0.2070197
0.9686541 0.2049248
0.9989232 0.2039166
0.905926 0.2536645
0.875838 0.2536645
0.9367998 0.2536645
0.968639 0.2536645
0.9989232 0.2536645
0.9989232 0.7463356
0.968639 0.7463356
0.9989232 0.7960836
0.9686541 0.7950753
0.9367998 0.7463356
0.9368206 0.7929803
0.905926 0.7463356
0.9059405 0.7908603
0.875838 0.7463356
0.875838 0.7897983
0.9053665 0.8326479
0.875838 0.8303096
0.9033985 0.8689861
0.875838 0.8648845
0.8956931 0.898795
0.875838 0.8883938
0.9254475 0.9098744
0.9331419 0.8764899
0.9359986 0.8371215
0.9614674 0.9175849
0.9662024 0.882308
0.9681121 0.8410982
0.9989232 0.9203206
0.9989232 0.884609
0.9989232 0.8428779
0.1043381 0.101205
0.09663278 0.131014
0.1241932 0.1351155
0.1241932 0.1116063
0.1241932 0.1696904
0.09466463 0.1673523
0.1241932 0.2102017
0.09409073 0.2091398
0.1241932 0.2536645
0.09410527 0.2536645
0.07458362 0.09012553
0.06688929 0.1235101
0.06403261 0.1628785
0.06321058 0.2070197
0.06323147 0.2536645
0.03856385 0.08241525
0.03382882 0.1176921
0.03191912 0.1589018
0.03137714 0.2049248
0.03139222 0.2536645
-0.001080871 0.0796794
-0.001080871 0.1153909
-0.001080871 0.1571221
-0.001080871 0.2039166
-0.001080871 0.2536645
0.09410527 0.7463356
0.1241932 0.7463356
0.1241932 0.7897983
0.09409073 0.7908603
0.1241932 0.8303096
0.09466463 0.8326479
0.1241932 0.8648845
0.09663275 0.8689861
0.1241932 0.8883938
0.1043381 0.898795
0.06688929 0.8764899
0.07458362 0.9098744
0.03382882 0.882308
0.03856385 0.9175849
-0.001080871 0.884609
-0.001080871 0.9203206
0.06403261 0.8371215
0.03191912 0.8410982
-0.001080871 0.8428779
0.06321058 0.7929803
0.03137714 0.7950753
-0.001080871 0.7960836
0.03139225 0.7463356
0.06323147 0.7463356
-0.001080871 0.7463356
0.1241932 0.1116063
0.1241932 0.1351155
0.1517537 0.131014
0.1440483 0.1012051
0.1814972 0.1235101
0.1738029 0.09012553
0.2145576 0.1176921
0.2098226 0.08241525
0.2494673 0.115391
0.2494673 0.0796794
0.1537219 0.1673523
0.1241932 0.1696904
0.1843538 0.1628785
0.2164673 0.1589018
0.2494673 0.1571221
0.1542957 0.2091398
0.1241932 0.2102017
0.1851758 0.2070198
0.2170094 0.2049248
0.2494673 0.2039167
0.1542812 0.2536644
0.1241932 0.2536645
0.185155 0.2536645
0.2169943 0.2536645
0.2494673 0.2536645
0.2819253 0.2049248
0.2824673 0.1589018
0.3137589 0.2070197
0.3145809 0.1628785
0.344639 0.2091398
0.3452128 0.1673523
0.3747414 0.2102017
0.3747414 0.1696904
0.347181 0.131014
0.3747415 0.1351155
0.3548864 0.101205
0.3747415 0.1116064
0.3747415 0.2536645
0.3446535 0.2536645
0.3251318 0.09012553
0.3174375 0.1235101
0.3137797 0.2536645
0.289112 0.08241525
0.284377 0.1176921
0.3747414 0.7463356
0.3446535 0.7463356
0.3747415 0.7897983
0.344639 0.7908602
0.3747414 0.8303096
0.3452128 0.8326479
0.3747414 0.8648845
0.347181 0.8689861
0.3747414 0.8883938
0.3548864 0.898795
0.3174375 0.8764899
0.3251318 0.9098744
0.284377 0.882308
0.2891121 0.9175849
0.2494674 0.884609
0.2494673 0.9203206
0.3145809 0.8371215
0.2824673 0.8410982
0.2494674 0.8428779
0.3137589 0.7929803
0.2819254 0.7950753
0.2494674 0.7960834
0.2819405 0.7463356
0.3137797 0.7463356
0.2494674 0.7463356
0.2145576 0.882308
0.2098227 0.9175849
0.1814972 0.8764899
0.1738029 0.9098744
0.1517537 0.8689861
0.1440483 0.898795
0.1241932 0.8648845
0.1241932 0.8883938
0.1241932 0.8303096
0.1537219 0.8326479
0.1241932 0.7897983
0.1542957 0.7908603
0.1241932 0.7463356
0.1542812 0.7463356
0.1843538 0.8371215
0.1851759 0.7929803
0.185155 0.7463356
0.2164674 0.8410982
0.2170094 0.7950753
0.2169943 0.7463356
0.2819405 0.2536645
-0.7063798 -0.001451854 -0.7078316
-0.6032265 -0.01473816 -0.7974337
-0.7071068 -4.14764E-08 -0.7071067
-0.7970341 0.01387999 -0.6037747
-0.8385347 0.007224139 -0.5448003
-0.8937113 0.01009153 -0.4485291
-0.9542506 0.009388915 -0.2988605
-0.9708711 0.00732547 -0.2394903
-0.9999174 0.007193923 0.0106538
-0.9999899 0.003172501 0.003172495
-0.5448008 -0.007224203 -0.8385344
-0.4494555 -0.008933372 -0.893258
-0.7071064 -3.045472E-07 -0.7071072
-0.9052784 0.009134593 -0.4247206
-0.9995964 0.01105017 0.02617113
-0.2988618 -0.009388424 -0.9542502
-0.2410464 -0.005674424 -0.970497
-0.4247209 -0.009134584 -0.9052782
-0.6846562 -0.009030386 -0.7288102
-0.9890045 0.02952207 0.1449089
0.01070724 -0.008704209 -0.9999048
0.001615987 -0.003118997 -0.9999938
0.03155721 -0.0147382 -0.9993933
0.06072604 -0.01372955 -0.99806
0.2098738 -0.0013103 -0.9777276
-0.9861587 0.0002222034 0.1658041
-0.7001492 0.002830699 0.7139909
-0.8976398 -0.0007632903 0.4407291
-0.4395963 0.001358467 0.8981944
-0.7071065 1.245808E-07 0.7071071
-0.3113327 8.218257E-05 0.950301
-0.5485052 0.003622035 0.8361393
-0.2427259 0.003891278 0.9700871
-0.4498017 0.008499308 0.893088
-0.7071069 -1.84015E-07 0.7071066
-0.6054327 0.01127828 0.7958165
-0.7962353 -0.01217139 0.6048646
-0.7079406 -0.001670535 0.70627
-0.003418617 -0.001915601 0.9999923
-0.0133321 -0.007527481 0.9998828
-0.8926243 -0.007321189 0.450742
-0.8361393 -0.00362205 0.5485052
-0.03464171 -0.0132106 0.9993125
-0.969697 -0.002216574 0.2443008
-0.9503011 -8.223015E-05 0.3113323
-0.06662945 -0.01221404 0.997703
-0.5996557 0.001072465 0.8002573
0.7063802 -0.001451363 0.7078311
0.6032261 -0.01473824 0.797434
0.707107 2.845317E-07 0.7071065
0.7970343 0.01388006 0.6037746
0.8385352 0.007224721 0.5447995
0.8937109 0.01009161 0.4485298
0.9542507 0.009388742 0.2988602
0.970871 0.007325543 0.2394907
0.9999174 0.007193646 -0.0106534
0.9999899 0.003172368 -0.003172366
0.5447995 -0.0072246 0.8385352
0.4494545 -0.008933933 0.8932586
0.7071062 -2.955348E-07 0.7071073
0.9052972 0.009155136 0.42468
0.999417 0.01328006 -0.03145238
0.300808 -0.006495142 0.9536626
0.242629 -0.002491767 0.970116
0.4267637 -0.006758004 0.9043379
0.6881762 -0.006623707 0.7255134
0.9882516 0.03030953 -0.1498001
-0.0133321 -0.007527481 0.9998828
-0.003418617 -0.001915601 0.9999923
-0.03464171 -0.0132106 0.9993125
-0.06662945 -0.01221404 0.997703
-0.2486624 0.001298055 0.9685894
0.9871653 -0.0002140231 -0.1597017
0.7072784 -0.001055927 -0.7069343
0.8975208 -0.0006362885 -0.4409717
0.4410349 -0.000700949 -0.8974897
0.7071066 1.311678E-07 -0.7071069
0.3113717 -0.001387864 -0.9502872
0.5485058 0.003622114 -0.8361389
0.2427909 0.002319289 -0.9700759
0.4498019 0.008499479 -0.8930879
0.7071069 -2.600371E-08 -0.7071066
0.6054329 0.01127836 -0.7958164
0.7962354 -0.01217144 -0.6048645
0.7079405 -0.00167078 -0.7062702
0.8926244 -0.007321508 -0.4507416
0.8361391 -0.003622113 -0.5485055
0.9696969 -0.002216654 -0.2443011
0.9503009 -8.237892E-05 -0.3113329
0.577075 -0.001094486 -0.8166904
-0.7078316 -0.001452192 -0.7063797
-0.7974337 -0.0147378 -0.6032265
-0.7071068 -1.386153E-07 -0.7071068
-0.6037747 0.01388017 -0.7970342
-0.5447995 0.007224827 -0.8385352
-0.4485299 0.01009178 -0.8937109
-0.2988583 0.009389311 -0.9542513
-0.2394908 0.007325035 -0.970871
0.01103702 0.007452685 -0.9999113
0.003172387 0.003172383 -0.9999899
-0.838535 -0.007224625 -0.5447999
-0.8932581 -0.008933611 -0.4494554
-0.7071061 2.448912E-07 -0.7071074
-0.428412 0.007211075 -0.9035547
0.03010458 0.01271101 -0.9994659
-0.9542513 -0.009389583 -0.2988581
-0.970497 -0.005674262 -0.2410465
-0.905279 -0.009134324 -0.4247193
-0.6973791 0.003949692 -0.7166916
0.03858105 0.007860048 -0.9992245
-0.9999179 -0.007168621 0.01061634
-0.9999974 -0.001599742 0.001599742
-0.9994195 -0.01325174 0.03138525
-0.9876066 -0.03133147 0.1537906
-0.9880294 0 0.1542655
0.2465748 0 -0.9691238
0.7073727 0.0001089169 -0.7068408
0.4390438 -0.001648164 -0.8984641
0.8974424 0.0005514316 -0.4411313
0.7066971 -0.0003514703 -0.7075161
0.9503018 8.304249E-05 -0.3113303
0.8361392 0.003622272 -0.5485054
0.9700873 0.003891776 -0.242725
0.8930874 0.008498387 -0.449803
0.7071068 -2.93391E-08 -0.7071067
0.7958165 0.01127818 -0.6054327
0.6048645 -0.01217137 -0.7962354
0.7062699 -0.001670613 -0.7079407
0.9999974 -0.00159997 -0.001599971
0.9999115 -0.007443485 -0.0110234
0.4507425 -0.007321326 -0.892624
0.5485052 -0.003622291 -0.8361393
0.9995971 -0.01104132 -0.02615013
0.244301 -0.002216409 -0.9696969
0.3112869 -0.0001155116 -0.950316
0.970497 -0.005673958 0.2410466
0.9541543 -0.009153644 0.2991751
0.8932582 -0.008933784 0.4494552
0.8385351 -0.00722474 0.5447997
0.797434 -0.01473849 0.6032262
0.7071066 6.226252E-08 0.7071069
0.7078313 -0.001451342 0.70638
0.6037746 0.0138795 0.7970343
0.5447997 0.007224557 0.8385351
0.4485291 0.01009168 0.8937112
0.3007136 0.00800886 0.9536809
0.2409887 0.005735631 0.970511
-0.01327918 0.00896669 0.9998716
-0.005025836 0.005025839 0.9999747
0.7069616 0.0001246177 0.7072518
0.4282825 0.007278944 0.9036155
-0.03493367 0.01474997 0.9992808
0.9053898 -0.00925855 0.4244804
0.6684653 0.01536362 0.7435847
-0.06267286 0.01276822 0.9979525
0.9899829 -0.02818485 -0.1383454
0.5963642 0 -0.802714
0.9889373 0 -0.1483345
-0.2016384 0 0.97946
-0.6048639 -0.01217143 0.7962358
-0.7071067 1.804147E-07 0.7071069
-0.7958166 0.01127878 0.6054326
-0.7062699 -0.001670727 0.7079406
-0.8930874 0.008498227 0.4498029
-0.8361394 0.003622313 0.5485051
-0.9700873 0.003891311 0.2427249
-0.9502986 7.56895E-05 0.3113399
-0.4507424 -0.00732088 0.8926241
-0.5485054 -0.00362216 0.8361392
-0.707082 -2.149295E-05 0.7071316
-0.8975012 0.0006143268 0.4410115
-0.2443006 -0.00221683 0.969697
-0.3113304 -8.299359E-05 0.9503017
-0.440958 -0.0006427821 0.8975275
-0.7070655 -1.69933E-05 0.7071481
-0.005025836 0.005025839 0.9999747
-0.01327918 0.00896669 0.9998716
-0.03493367 0.01474997 0.9992808
-0.06267286 0.01276822 0.9979525
-0.5655922 0 0.8246851
-0.7063798 -0.001451854 -0.7078316
-0.7075121 0.001046935 -0.7067004
-0.5682754 -0.007390919 -0.8228052
-0.6032265 -0.01473816 -0.7974337
-0.4079318 -0.00542669 -0.9129963
-0.4494555 -0.008933372 -0.893258
-0.2148745 -0.002231366 -0.9766391
-0.2410464 -0.005674424 -0.970497
-0.000524864 -0.0007027679 -0.9999996
0.001615987 -0.003118997 -0.9999938
-0.5621557 -0.00173076 -0.8270296
-0.7071944 0.0003403686 -0.7070191
-0.3937337 -0.002247119 -0.9192218
-0.2037686 -0.001283211 -0.9790182
2.420174E-05 -0.001481876 -0.9999989
-0.559989 -0.0004141651 -0.8284999
-0.7071243 0.0001355241 -0.7070893
-0.389715 -0.000618172 -0.9209353
-0.2004778 -0.0004461568 -0.9796981
2.831968E-05 -0.00151166 -0.9999989
-0.5602815 -2.36439E-05 -0.8283023
-0.7071069 4.115991E-06 -0.7071066
-0.3899764 -2.950101E-05 -0.9208248
-0.2009761 -9.572439E-06 -0.9795961
-7.348571E-06 -0.001194803 -0.9999993
0.2004985 -0.001055085 -0.9796935
0.2037956 -0.0002274926 -0.9790134
0.389725 0.0005613199 -0.9209311
0.3938461 0.001937818 -0.9191744
0.5599759 0.0004993871 -0.8285087
0.5621617 0.001711303 -0.8270256
0.7070895 0.0001355296 -0.7071241
0.7070195 0.0003404901 -0.707194
0.5692867 0.005256737 -0.8221223
0.7067004 0.001047319 -0.7075121
0.6054329 0.01127836 -0.7958164
0.7079405 -0.00167078 -0.7062702
0.7071064 4.134351E-06 -0.7071072
0.5602812 2.8154E-05 -0.8283025
0.4498019 0.008499479 -0.8930879
0.4078968 0.005488287 -0.9130116
0.3899764 2.979457E-05 -0.9208249
0.2427909 0.002319289 -0.9700759
0.214086 0.00195966 -0.9768128
0.7071069 5.599381E-06 -0.7071066
0.5602833 -2.524958E-05 -0.828301
0.7071254 0.0001452933 -0.7070881
0.5599856 -0.0004491468 -0.8285022
0.7071943 0.0003402365 -0.7070192
0.5621557 -0.001730495 -0.8270296
0.707512 0.001046763 -0.7067006
0.5682753 -0.007390844 -0.8228053
0.7062699 -0.001670613 -0.7079407
0.6048645 -0.01217137 -0.7962354
0.4079319 -0.005427114 -0.9129962
0.4507425 -0.007321326 -0.892624
0.214875 -0.002231243 -0.976639
0.244301 -0.002216409 -0.9696969
0.000511177 0.0007570251 -0.9999996
0.003172387 0.003172383 -0.9999899
0.3937335 -0.002247277 -0.9192219
0.2037687 -0.001283382 -0.9790182
-3.237575E-05 -7.667842E-05 -1
0.3897089 -0.0006663779 -0.9209378
0.2005083 -0.0001253487 -0.979692
-6.479908E-05 -0.0001469188 -1
0.2010023 0.001183685 -0.9795901
0.3899789 -3.256783E-05 -0.9208238
3.073201E-05 0.001274389 -0.9999992
-0.2140305 0.003539951 -0.9768206
-0.2394908 0.007325035 -0.970871
-0.4078974 0.005487739 -0.9130113
-0.4485299 0.01009178 -0.8937109
-0.5692869 0.005256192 -0.8221221
-0.6037747 0.01388017 -0.7970342
-0.7067006 0.001047525 -0.707512
-0.7078316 -0.001452192 -0.7063797
-0.7070197 0.0003403445 -0.7071937
-0.5621618 0.001710789 -0.8270255
-0.70709 0.0001351645 -0.7071235
-0.5599761 0.0004994185 -0.8285086
-0.7071069 4.119639E-06 -0.7071066
-0.5602813 2.814279E-05 -0.8283024
-0.393846 0.001938032 -0.9191744
-0.3897249 0.0005613574 -0.9209312
-0.3899763 2.977182E-05 -0.9208249
-0.2037739 0.001270756 -0.9790171
-0.2004945 0.000361602 -0.9796948
-0.2009762 6.352594E-06 -0.9795961
0.2009756 -0.001350308 -0.9795953
0.7079405 -0.00167078 -0.7062702
0.7067004 0.001047319 -0.7075121
0.8228054 -0.007391153 -0.5682752
0.7962354 -0.01217144 -0.6048645
0.9129965 -0.005426971 -0.4079314
0.8926244 -0.007321508 -0.4507416
0.976639 -0.002231283 -0.2148749
0.9696969 -0.002216654 -0.2443011
0.9999996 0.0007565323 -0.0005108447
0.9999899 0.003172368 -0.003172366
0.8270296 -0.001730796 -0.5621556
0.7070195 0.0003404901 -0.707194
0.9192218 -0.002246896 -0.3937336
0.9790182 -0.001283282 -0.2037687
1 -7.705453E-05 3.253456E-05
0.8285 -0.0004142044 -0.5599889
0.7070895 0.0001355296 -0.7071241
0.9209355 -0.0006181425 -0.3897147
0.9796981 -0.0004461107 -0.2004778
1 -0.0001538046 3.139608E-05
0.8283023 -2.363824E-05 -0.5602815
0.7071064 4.134351E-06 -0.7071072
0.920825 -2.949544E-05 -0.3899761
0.9795961 -9.588067E-06 -0.2009761
1 -6.631566E-06 3.368299E-07
0.9796947 0.0003615983 0.2004946
0.9790171 0.001270635 0.2037739
0.9209312 0.000561605 0.3897249
0.9191741 0.001937598 0.3938466
0.8285086 0.0004991288 0.5599762
0.8270255 0.001711219 0.5621617
0.7071235 0.0001355593 0.7070901
0.707194 0.0003404949 0.7070195
0.8221225 0.005256804 0.5692864
0.707512 0.001047058 0.7067006
0.7970343 0.01388006 0.6037746
0.7063802 -0.001451363 0.7078311
0.7071064 3.502483E-06 0.7071071
0.8283024 2.815694E-05 0.5602813
0.8937109 0.01009161 0.4485298
0.9130113 0.005488091 0.4078973
0.9208249 3.037271E-05 0.3899761
0.970871 0.007325543 0.2394907
0.9768205 0.003539631 0.2140307
0.7071062 5.550507E-06 0.7071074
0.828301 -2.522398E-05 0.5602833
0.7070879 0.0001450356 0.7071257
0.8285022 -0.0004491348 0.5599856
0.707019 0.0003404059 0.7071944
0.8270296 -0.001730579 0.5621557
0.7067003 0.001047305 0.7075122
0.8228055 -0.007391088 0.568275
0.7078313 -0.001451342 0.70638
0.797434 -0.01473849 0.6032262
0.9129964 -0.005426972 0.4079315
0.8932582 -0.008933784 0.4494552
0.976639 -0.002231129 0.2148751
0.970497 -0.005673958 0.2410466
0.9999996 0.0007564925 0.0005108173
0.9999974 -0.00159997 -0.001599971
0.9192219 -0.002247191 0.3937335
0.9790182 -0.001283386 0.2037687
1 -7.669265E-05 -3.238176E-05
0.9209379 -0.0006664051 0.3897088
0.9796992 -0.0004826876 0.2004727
1 -0.0001611043 -3.290903E-05
0.9795957 -1.240124E-05 0.200978
0.9208239 -3.257081E-05 0.3899787
1 -7.933146E-06 -4.04052E-07
0.9768205 0.003539873 -0.2140309
0.9700873 0.003891776 -0.242725
0.9130116 0.005488442 -0.4078968
0.8930874 0.008498387 -0.449803
0.8221225 0.005256338 -0.5692864
0.7958165 0.01127818 -0.6054327
0.707512 0.001046763 -0.7067006
0.7062699 -0.001670613 -0.7079407
0.7071943 0.0003402365 -0.7070192
0.8270258 0.001711013 -0.5621614
0.7071254 0.0001452933 -0.7070881
0.828512 0.0005439331 -0.559971
0.7071069 5.599381E-06 -0.7071066
0.8283012 3.11711E-05 -0.5602831
0.9191744 0.001937925 -0.3938461
0.9209335 0.0006093306 -0.3897192
0.9208239 3.270255E-05 -0.3899788
0.9790171 0.0012707 -0.203774
0.9796955 0.0003905059 -0.2004909
0.9795957 7.727675E-06 -0.2009783
0.9795961 6.32812E-06 0.2009763
0.7063802 -0.001451363 0.7078311
0.707512 0.001047058 0.7067006
0.5682746 -0.007391081 0.8228058
0.6032261 -0.01473824 0.797434
0.4079312 -0.005426908 0.9129965
0.4494545 -0.008933933 0.8932586
0.2158984 0.0008496953 0.9764155
0.242629 -0.002491767 0.970116
-0.0005631992 0.0006459981 0.9999996
-0.003418617 -0.001915601 0.9999923
0.5621551 -0.001730773 0.82703
0.707194 0.0003404949 0.7070195
0.3937337 -0.002247 0.9192218
0.2042527 0.001353199 0.9789172
-0.0005678851 7.955638E-05 0.9999998
0.5599886 -0.0004142195 0.8285002
0.7071235 0.0001355593 0.7070901
0.3897152 -0.0006181308 0.9209352
0.2005996 0.001569015 0.9796721
-0.0001798402 0.0004918744 0.9999999
0.5602811 -2.36263E-05 0.8283026
0.7071064 3.502483E-06 0.7071071
0.3899765 -2.949826E-05 0.9208248
0.2009743 0.00132108 0.9795956
-1.169987E-05 0.001108858 0.9999994
1.521854E-05 -0.0009690177 0.9999995
0.2010139 -0.00141661 0.9795874
-7.927613E-05 0.0002178097 1
0.2005929 -0.0003029136 0.9796746
0.3899789 3.269386E-05 0.9208238
0.3897192 0.0006095513 0.9209335
0.5602828 3.118631E-05 0.8283014
0.5599708 0.0005439731 0.8285121
0.7071062 5.550507E-06 0.7071074
0.7070879 0.0001450356 0.7071257
0.5621612 0.00171084 0.8270259
0.707019 0.0003404059 0.7071944
0.5692859 0.005256379 0.8221228
0.7067003 0.001047305 0.7075122
0.6037746 0.0138795 0.7970343
0.7078313 -0.001451342 0.70638
0.4485291 0.01009168 0.8937112
0.4078965 0.005487937 0.9130117
0.3938459 0.001937754 0.9191744
0.2409887 0.005735631 0.970511
0.2150432 0.001971153 0.9766026
0.2042815 2.126716E-05 0.9789122
-0.005025836 0.005025839 0.9999747
-0.001645746 0.002437261 0.9999956
-0.0005087011 0.001204801 0.9999992
-0.6054327 0.01127828 0.7958165
-0.5692861 0.005256669 0.8221227
-0.7067005 0.001046887 0.7075121
-0.7079406 -0.001670535 0.70627
-0.7070192 0.0003403186 0.7071943
-0.5621612 0.001711348 0.8270259
-0.7070894 0.0001357333 0.7071242
-0.5599757 0.0004993782 0.8285089
-0.7071065 4.739853E-06 0.7071071
-0.560281 2.813863E-05 0.8283026
-0.4498017 0.008499308 0.893088
-0.4078964 0.005488252 0.9130117
-0.3938462 0.001937655 0.9191743
-0.3897252 0.0005612878 0.920931
-0.3899765 2.97883E-05 0.9208248
-0.2427259 0.003891278 0.9700871
-0.2140313 0.003539546 0.9768204
-0.2037744 0.001270568 0.979017
-0.2004947 0.0003616641 0.9796947
-0.2009764 6.339213E-06 0.9795961
-0.003418617 -0.001915601 0.9999923
-0.0005631992 0.0006459981 0.9999996
-0.0005678851 7.955638E-05 0.9999998
-0.0001798402 0.0004918744 0.9999999
-1.169987E-05 0.001108858 0.9999994
-0.5602812 -2.361701E-05 0.8283024
-0.7071068 4.120069E-06 0.7071068
-0.7071237 0.0001353483 0.7070899
-0.5599887 -0.0004139929 0.8285002
-0.7071937 0.0003403891 0.7070197
-0.5621552 -0.001730447 0.8270299
-0.707512 0.001047316 0.7067006
-0.5682744 -0.007391059 0.8228059
-0.7062699 -0.001670727 0.7079406
-0.6048639 -0.01217143 0.7962358
-0.4079312 -0.005427057 0.9129965
-0.4507424 -0.00732088 0.8926241
-0.2148754 -0.002231219 0.9766389
-0.2443006 -0.00221683 0.969697
-0.001645746 0.002437261 0.9999956
-0.005025836 0.005025839 0.9999747
-0.3937335 -0.00224723 0.9192219
-0.2037693 -0.001283271 0.9790181
-0.0005087011 0.001204801 0.9999992
-0.3897149 -0.0006181914 0.9209354
-0.2004783 -0.000445951 0.9796981
-7.927613E-05 0.0002178097 1
-0.2009763 -9.57785E-06 0.9795961
-0.3899763 -2.950195E-05 0.9208249
1.521854E-05 -0.0009690177 0.9999995
-0.7079406 -0.001670535 0.70627
-0.7067005 0.001046887 0.7075121
-0.8228053 -0.007390875 0.5682753
-0.7962353 -0.01217139 0.6048646
-0.9129965 -0.005426767 0.4079314
-0.8926243 -0.007321189 0.450742
-0.9766391 -0.002231352 0.2148747
-0.969697 -0.002216574 0.2443008
-0.9999996 0.0007566344 0.0005109132
-0.9999899 0.003172501 0.003172495
-0.8270298 -0.001730678 0.5621554
-0.7070192 0.0003403186 0.7071943
-0.9192218 -0.002246998 0.3937337
-0.9790182 -0.001283464 0.2037689
-1 -7.674447E-05 -3.240367E-05
-0.8285001 -0.0004143757 0.5599888
-0.7070894 0.0001357333 0.7071242
-0.9209353 -0.0006181457 0.3897151
-0.9796981 -0.0004463707 0.2004779
-1 -0.0001537424 -3.138323E-05
-0.8283022 -2.362078E-05 0.5602816
-0.7071065 4.739853E-06 0.7071071
-0.9208249 -3.01004E-05 0.3899762
-0.9795962 -9.582827E-06 0.2009757
-1 -6.643283E-06 -3.374268E-07
-0.9796948 0.0003618882 -0.2004944
-0.9790171 0.00127042 -0.2037741
-0.9209312 0.0005612273 -0.3897249
-0.9191745 0.001937828 -0.3938458
-0.8285089 0.0004994088 -0.5599757
-0.8270259 0.001711417 -0.5621613
-0.7071243 0.0001355241 -0.7070893
-0.7071944 0.0003403686 -0.7070191
-0.8221223 0.005256461 -0.5692866
-0.7075121 0.001046935 -0.7067004
-0.7970341 0.01387999 -0.6037747
-0.7063798 -0.001451854 -0.7078316
-0.7071069 4.115991E-06 -0.7071066
-0.8283024 2.814921E-05 -0.5602813
-0.8937113 0.01009153 -0.4485291
-0.9130118 0.005488253 -0.4078962
-0.920825 2.979369E-05 -0.3899761
-0.9708711 0.00732547 -0.2394903
-0.9768206 0.003539738 -0.2140304
-0.7071069 4.119639E-06 -0.7071066
-0.8283022 -2.363335E-05 -0.5602816
-0.70709 0.0001351645 -0.7071235
-0.8285001 -0.000414018 -0.5599888
-0.7070197 0.0003403445 -0.7071937
-0.8270298 -0.001730422 -0.5621554
-0.7067006 0.001047525 -0.707512
-0.8228056 -0.007390784 -0.5682749
-0.7078316 -0.001452192 -0.7063797
-0.7974337 -0.0147378 -0.6032265
-0.9129964 -0.00542681 -0.4079316
-0.8932581 -0.008933611 -0.4494554
-0.976639 -0.002231261 -0.214875
-0.970497 -0.005674262 -0.2410465
-0.9999996 0.0007564086 -0.0005107604
-0.9999974 -0.001599742 0.001599742
-0.9192219 -0.002247396 -0.3937335
-0.9790182 -0.001283302 -0.2037689
-1 -7.683853E-05 3.244339E-05
-0.9209353 -0.0006180751 -0.3897149
-0.9796981 -0.0004460697 -0.2004779
-1 -0.000153729 3.138052E-05
-0.9795963 -9.579807E-06 -0.2009757
-0.920825 -2.978191E-05 -0.3899761
-1 -6.365423E-06 3.233149E-07
-0.9768206 0.003540049 0.2140303
-0.9700873 0.003891311 0.2427249
-0.9130116 0.005487778 0.4078967
-0.8930874 0.008498227 0.4498029
-0.8221223 0.005256135 0.5692867
-0.7958166 0.01127878 0.6054326
-0.707512 0.001047316 0.7067006
-0.7062699 -0.001670727 0.7079406
-0.7071937 0.0003403891 0.7070197
-0.8270257 0.001710744 0.5621615
-0.7071237 0.0001353483 0.7070899
-0.8285087 0.0004994354 0.5599759
-0.7071068 4.120069E-06 0.7071068
-0.8283023 2.819087E-05 0.5602815
-0.9191746 0.001938025 0.3938457
-0.9209312 0.0005612999 0.3897248
-0.920825 2.973892E-05 0.3899761
-0.9790171 0.001270748 0.203774
-0.9796948 0.0003616711 0.2004945
-0.9795962 6.352426E-06 0.2009758
-0.9795962 6.34309E-06 -0.2009758
0 1 2
0 2 3
3 2 4
3 4 5
5 4 6
5 6 7
7 6 8
7 8 9
1 10 2
1 11 10
2 10 12
2 12 4
4 12 13
4 13 6
6 13 14
6 14 8
11 15 10
11 16 15
10 15 17
10 17 12
12 17 18
12 18 13
13 18 19
13 19 14
16 20 15
16 21 20
15 20 22
15 22 17
17 22 23
17 23 18
18 23 24
18 25 19
14 19 26
14 26 27
27 26 28
27 28 29
29 28 30
29 30 31
31 30 32
31 32 33
34 31 33
34 33 35
36 34 35
36 35 37
30 38 32
30 39 38
28 39 30
40 34 36
40 41 34
41 29 31
41 31 34
28 42 39
43 41 40
43 44 41
44 29 41
44 27 29
9 44 43
9 8 44
8 27 44
8 14 27
26 45 42
26 42 28
19 45 26
19 46 45
47 48 49
47 49 50
50 49 51
50 51 52
52 51 53
52 53 54
54 53 55
54 55 56
48 57 49
48 58 57
49 57 59
49 59 51
51 59 60
51 60 53
53 60 61
53 61 55
58 62 57
58 63 62
57 62 64
57 64 59
59 64 65
59 65 60
60 65 66
60 66 61
63 67 62
63 68 67
62 67 69
62 69 64
64 69 70
64 70 65
65 70 71
65 72 66
61 66 73
61 73 74
74 73 75
74 75 76
76 75 77
76 77 78
78 77 79
78 79 80
81 78 80
81 80 82
83 81 82
83 82 84
77 21 79
77 20 21
75 20 77
85 81 83
85 86 81
86 76 78
86 78 81
75 22 20
87 86 85
87 88 86
88 76 86
88 74 76
56 88 87
56 55 88
55 74 88
55 61 74
73 23 22
73 22 75
66 23 73
66 89 23
90 91 92
90 92 93
93 92 94
93 94 95
95 94 96
95 96 97
97 96 98
97 98 99
91 100 92
91 101 100
92 100 102
92 102 94
94 102 103
94 103 96
96 103 104
96 104 98
101 105 100
101 106 105
100 105 107
100 107 102
102 107 108
102 108 103
103 108 109
103 109 104
106 110 105
106 111 110
105 110 112
105 112 107
107 112 113
107 113 108
108 113 114
108 115 109
104 109 116
104 116 117
117 116 118
117 118 119
119 118 120
119 120 121
121 120 122
121 122 123
124 121 123
124 123 125
126 124 125
126 125 127
120 128 122
120 129 128
118 129 120
130 124 126
130 131 124
131 119 121
131 121 124
118 132 129
133 131 130
133 134 131
134 119 131
134 117 119
99 134 133
99 98 134
98 117 134
98 104 117
135 128 129
135 129 136
136 129 132
137 135 136
137 136 138
139 137 138
139 138 140
141 139 140
141 140 142
142 140 143
142 143 144
144 143 145
144 145 146
146 145 147
146 147 148
140 138 149
140 149 143
143 149 150
143 150 145
145 150 151
145 151 147
138 136 152
138 152 149
149 152 153
149 153 150
150 153 154
150 154 151
152 155 153
152 132 155
116 155 132
116 132 118
109 155 116
109 156 155
136 132 152
153 155 157
153 158 154
159 160 161
159 161 162
160 163 161
160 164 163
164 165 163
164 166 165
166 111 165
166 110 111
167 160 159
167 168 160
168 164 160
168 169 164
169 166 164
169 170 166
170 110 166
170 112 110
171 168 167
171 172 168
172 169 168
172 173 169
173 170 169
173 174 170
174 112 170
174 113 112
175 172 171
175 176 172
176 173 172
176 177 173
177 174 173
177 178 174
178 113 174
178 179 113
180 181 182
180 182 183
183 182 184
183 184 185
185 184 186
185 186 187
187 186 188
187 188 189
181 190 182
181 191 190
182 190 192
182 192 184
184 192 193
184 193 186
186 193 194
186 194 188
191 195 190
191 196 195
190 195 197
190 197 192
192 197 198
192 198 193
193 198 199
193 199 194
196 200 195
196 201 200
195 200 202
195 202 197
197 202 203
197 203 198
198 203 204
198 204 199
194 199 205
194 205 206
206 205 207
206 207 208
208 207 209
208 209 210
210 209 211
210 211 212
213 210 212
213 212 214
215 213 214
215 214 216
209 217 211
209 218 217
207 218 209
219 213 215
219 220 213
220 208 210
220 210 213
207 221 218
222 220 219
222 223 220
223 208 220
223 206 208
189 223 222
189 188 223
188 206 223
188 194 206
224 217 218
224 218 225
225 218 221
226 224 225
226 225 227
228 226 227
228 227 229
230 228 229
230 229 231
232 230 231
232 231 233
233 231 234
233 234 235
235 234 236
235 236 237
237 236 238
237 238 239
231 229 240
231 240 234
234 240 241
234 241 236
236 241 242
236 242 238
229 227 243
229 243 240
240 243 244
240 244 241
241 244 245
241 245 242
243 246 244
243 247 246
227 247 243
227 225 247
244 246 248
244 248 245
239 238 249
239 249 250
250 249 251
250 251 252
252 251 253
252 253 254
254 253 255
254 255 256
253 257 255
253 258 257
251 258 253
258 259 257
258 260 259
260 261 259
260 262 261
251 263 258
263 260 258
249 263 251
263 264 260
264 262 260
264 265 262
266 264 263
249 266 263
266 267 264
267 265 264
267 268 265
238 266 249
238 242 266
242 267 266
242 245 267
245 268 267
245 248 268
248 203 268
248 204 203
246 204 248
246 269 204
199 204 269
199 269 205
205 269 221
205 221 207
247 221 269
247 269 246
225 221 247
268 203 202
268 202 265
265 202 200
265 200 262
262 200 201
262 201 261
270 271 272
270 272 273
273 272 274
273 274 275
275 274 276
275 276 277
277 276 278
277 278 279
271 280 272
271 281 280
272 280 282
272 282 274
274 282 283
274 283 276
276 283 284
276 284 278
281 285 280
281 286 285
280 285 287
280 287 282
282 287 288
282 288 283
283 288 289
283 289 284
286 290 285
286 291 290
285 290 292
285 292 287
287 292 293
287 293 288
288 293 294
288 294 289
284 289 295
284 295 296
296 295 297
296 297 298
298 297 299
298 299 300
300 299 301
300 301 302
303 300 302
303 302 304
305 303 304
305 304 306
299 307 301
299 308 307
297 308 299
309 303 305
309 310 303
310 298 300
310 300 303
297 311 308
312 310 309
312 313 310
313 298 310
313 296 298
279 313 312
279 278 313
278 296 313
278 284 296
314 307 308
314 308 315
315 308 311
316 314 315
316 315 317
318 316 317
318 317 319
320 318 319
320 319 321
322 320 321
322 321 323
323 321 324
323 324 325
325 324 326
325 326 327
327 326 328
327 328 329
321 319 330
321 330 324
324 330 331
324 331 326
326 331 332
326 332 328
319 317 333
319 333 330
330 333 334
330 334 331
331 334 335
331 335 332
333 336 334
333 337 336
317 337 333
317 315 337
334 336 338
334 338 335
329 328 339
329 339 340
340 339 341
340 341 342
342 341 343
342 343 344
344 343 345
344 345 346
343 347 345
343 348 347
341 348 343
348 349 347
348 350 349
350 351 349
350 352 351
341 353 348
353 350 348
339 353 341
353 354 350
354 352 350
354 355 352
356 354 353
339 356 353
356 357 354
357 355 354
357 358 355
328 356 339
328 332 356
332 357 356
332 335 357
335 358 357
335 338 358
338 293 358
338 294 293
336 294 338
336 359 294
289 294 359
289 359 295
295 359 311
295 311 297
337 311 359
337 359 336
315 311 337
358 293 292
358 292 355
355 292 290
355 290 352
352 290 291
352 291 351
360 361 362
360 362 363
363 362 364
363 364 365
365 364 366
365 366 367
367 366 368
367 368 369
361 370 362
361 371 370
362 370 372
362 372 364
364 372 373
364 373 366
366 373 374
366 374 368
371 375 370
371 376 375
370 375 377
370 377 372
372 377 378
372 378 373
373 378 379
373 379 374
376 380 375
376 381 380
375 380 382
375 382 377
377 382 383
377 383 378
378 383 384
378 384 379
385 384 383
385 383 386
386 383 382
387 385 386
387 386 388
388 386 389
386 382 389
389 382 380
388 389 390
390 389 391
389 380 391
391 380 381
390 391 392
392 391 393
391 381 393
392 393 394
395 392 394
395 394 396
397 395 396
397 396 398
399 397 398
399 398 400
401 397 399
401 402 397
402 395 397
402 403 395
403 390 392
403 392 395
404 402 401
404 405 402
405 403 402
405 406 403
406 390 403
406 388 390
407 405 404
407 408 405
408 406 405
408 409 406
409 388 406
409 387 388
410 411 412
410 412 413
411 414 412
411 415 414
415 416 414
415 417 416
417 418 416
417 419 418
420 411 410
420 421 411
421 415 411
421 422 415
422 417 415
422 423 417
423 419 417
423 424 419
425 421 420
425 426 421
426 422 421
426 427 422
427 423 422
427 428 423
428 424 423
428 429 424
430 426 425
430 431 426
431 427 426
431 432 427
432 428 427
432 433 428
433 429 428
433 434 429
435 419 424
436 419 435
437 436 435
437 435 438
439 437 438
439 438 440
441 439 440
441 440 442
443 441 442
443 442 444
444 442 445
444 445 446
446 445 447
446 447 448
448 447 449
448 449 450
442 440 451
442 451 445
445 451 452
445 452 447
447 452 453
447 453 449
440 438 454
440 454 451
451 454 455
451 455 452
452 455 456
452 456 453
454 457 455
454 458 457
438 458 454
438 435 458
455 457 459
455 459 456
435 424 458
458 424 429
458 429 457
457 429 434
457 434 459
460 461 462
460 462 463
463 462 464
463 464 465
465 464 466
465 466 467
467 466 468
467 468 469
461 470 462
461 471 470
462 470 472
462 472 464
464 472 473
464 473 466
466 473 474
466 474 468
471 475 470
471 476 475
470 475 477
470 477 472
472 477 478
472 478 473
473 478 479
473 479 474
476 480 475
476 481 480
475 480 482
475 482 477
477 482 483
477 483 478
478 483 484
478 484 479
474 479 485
474 485 486
486 485 487
486 487 488
488 487 489
488 489 490
490 489 491
490 491 492
493 490 492
493 492 494
495 493 494
495 494 496
489 497 491
489 498 497
487 498 489
499 493 495
499 500 493
500 488 490
500 490 493
487 501 498
502 500 499
502 503 500
503 488 500
503 486 488
469 503 502
469 468 503
468 486 503
468 474 486
504 497 498
504 498 505
505 498 501
506 504 505
506 505 507
508 506 507
508 507 509
510 508 509
510 509 511
512 510 511
512 511 513
513 511 514
513 514 515
515 514 516
515 516 517
517 516 518
517 518 519
511 509 520
511 520 514
514 520 521
514 521 516
516 521 522
516 522 518
509 507 523
509 523 520
520 523 524
520 524 521
521 524 525
521 525 522
523 526 524
523 527 526
507 527 523
507 505 527
524 526 528
524 528 525
519 518 529
519 529 530
530 529 531
530 531 532
532 531 533
532 533 534
534 533 535
534 535 536
533 537 535
533 538 537
531 538 533
538 539 537
538 540 539
540 541 539
540 542 541
531 543 538
543 540 538
529 543 531
543 544 540
544 542 540
544 545 542
546 544 543
529 546 543
546 547 544
547 545 544
547 548 545
518 546 529
518 522 546
522 547 546
522 525 547
525 548 547
525 528 548
542 481 541
542 480 481
545 480 542
528 483 548
528 484 483
526 484 528
526 549 484
479 484 549
479 549 485
485 549 501
485 501 487
527 501 549
527 549 526
505 501 527
548 483 482
548 482 545
545 482 480
436 418 419
