61 76
-0.951057 -1 -0.309017
-0.809018 -1 -0.587786
-1 -1 0
-0.951057 -1 0.309017
-0.809017 -1 0.587785
-0.587785 -1 0.809017
-0.309017 -1 0.951057
0 -1 1
0.309017 -1 0.951057
0.587785 -1 0.809017
0.809017 -1 0.587785
0.951057 -1 0.309017
1 -1 0
0.951057 -1 -0.309017
0.809017 -1 -0.587785
0.587785 -1 -0.809017
0.309017 -1 -0.951057
0 -1 -1
-0.309017 -1 -0.951057
-0.587786 -1 -0.809017
-0.951057 -1 -0.309017
0 1 0
-0.809018 -1 -0.587786
0 1 0
-0.587786 -1 -0.809017
0 1 0
-0.309017 -1 -0.951057
0 1 0
0 -1 -1
0 1 0
0.309017 -1 -0.951057
0 1 0
0.587785 -1 -0.809017
0 1 0
0.809017 -1 -0.587785
0 1 0
0.951057 -1 -0.309017
0 1 0
1 -1 0
0 1 0
0.951057 -1 0.309017
0 1 0
0.809017 -1 0.587785
0 1 0
0.587785 -1 0.809017
0 1 0
0.309017 -1 0.951057
0 1 0
0 -1 1
0 1 0
-0.309017 -1 0.951057
0 1 0
-0.587785 -1 0.809017
0 1 0
-0.809017 -1 0.587785
0 1 0
-0.951057 -1 0.309017
0 1 0
-1 -1 0
0 1 0
-0.951057 -1 -0.309017
0 -1 0
0 -1 0
0 -1 0
0 -1 0
0 -1 0
0 -1 0
0 -1 0
0 -1 0
0 -1 0
0 -1 0
0 -1 0
0 -1 0
0 -1 0
0 -1 0
0 -1 0
0 -1 0
0 -1 0
0 -1 0
0 -1 0
0 -1 0
-0.850651 0.4472139 -0.276392
0 1 0
-0.7236068 0.4472139 -0.5257308
0 1 0
-0.5257308 0.4472139 -0.7236068
0 1 0
-0.2763929 0.4472138 -0.8506507
0 1 0
0 0.447214 -0.894427
0 1 0
0.2763929 0.4472138 -0.8506507
0 1 0
0.5257308 0.4472139 -0.7236068
0 1 0
0.7236068 0.4472139 -0.5257308
0 1 0
0.8506507 0.4472138 -0.2763929
0 1 0
0.894427 0.447214 0
0 1 0
0.8506507 0.4472138 0.2763929
0 1 0
0.7236068 0.4472139 0.5257308
0 1 0
0.5257308 0.4472139 0.7236068
0 1 0
0.2763929 0.4472138 0.8506507
0 1 0
0 0.447214 0.894427
0 1 0
-0.2763929 0.4472138 0.8506507
0 1 0
-0.5257308 0.4472139 0.7236068
0 1 0
-0.7236068 0.4472139 0.5257308
0 1 0
-0.8506507 0.4472138 0.2763929
0 1 0
-0.894427 0.447214 0
0 1 0
-0.850651 0.4472139 -0.276392
0.737764 0.172746
0.702254 0.103054
0.75 0.25
0.737764 0.327254
0.702254 0.396946
0.646946 0.452254
0.577254 0.487764
0.5 0.5
0.422746 0.487764
0.353054 0.452254
0.297746 0.396946
0.262236 0.327254
0.25 0.25
0.262236 0.172746
0.297746 0.103054
0.353054 0.047746
0.422746 0.012236
0.5 0
0.577254 0.012236
0.646946 0.047746
0.25 0.5
0.5 1
0.275 0.5
0.5 1
0.3 0.5
0.5 1
0.325 0.5
0.5 1
0.35 0.5
0.5 1
0.375 0.5
0.5 1
0.4 0.5
0.5 1
0.425 0.5
0.5 1
0.45 0.5
0.5 1
0.475 0.5
0.5 1
0.5 0.5
0.5 1
0.525 0.5
0.5 1
0.55 0.5
0.5 1
0.575 0.5
0.5 1
0.6 0.5
0.5 1
0.625 0.5
0.5 1
0.65 0.5
0.5 1
0.675 0.5
0.5 1
0.7 0.5
0.5 1
0.725 0.5
0.5 1
0.75 0.5
-1 0 0
-1 0 0
-1 0 0
-1 0 0
-1 0 0
-1 0 0
-1 0 0
-1 0 0
-1 0 0
-1 0 0
-1 0 0
-1 0 0
-1 0 0
-1 0 0
-1 0 0
-1 0 0
-1 0 0
-1 0 0
-1 0 0
-1 0 0
0.3382946 0.063195 -0.938916
0.4539137 0 -0.8910457
0.5877851 0 -0.8090171
0.7070578 0 -0.7071557
0.8090172 0 -0.5877849
0.8909859 0 -0.454031
0.9510565 0 -0.3090167
0.9876864 0 -0.156447
1 0 0
0.9876859 0 0.1564499
0.9510565 0 0.3090168
0.8909847 0 0.4540334
0.809017 0 0.5877854
0.7070562 0 0.7071573
0.5877854 0 0.809017
0.4539125 0 0.8910463
0.3090168 0 0.9510565
0.1563357 0 0.987704
0 0 1
-0.1565296 0 0.9876732
-0.3090168 0 0.9510565
-0.4540664 0 0.8909678
-0.5877854 0 0.809017
-0.7071573 0 0.7070562
-0.809017 0 0.5877854
-0.8910263 0 0.4539517
-0.9510565 0 0.3090168
-0.9876908 0 0.1564187
-1 0 0
-0.9876913 0 -0.1564161
-0.9510565 0 -0.3090168
-0.8910269 0 -0.4539505
-0.809017 0 -0.5877854
-0.7071573 0 -0.7070562
-0.5877854 0 -0.809017
-0.4540716 0 -0.8909652
-0.3090168 0 -0.9510565
-0.1565301 0 -0.9876732
0 0 -1
0.156336 0 -0.9877039
0.2781922 -0.0631956 -0.9584442
0 1 2
0 1 2
2 1 3
2 1 3
3 1 4
3 1 4
4 1 5
4 1 5
5 1 6
5 1 6
6 1 7
6 1 7
7 1 8
7 1 8
8 1 9
8 1 9
9 1 10
9 1 10
10 1 11
10 1 11
11 1 12
11 1 12
12 1 13
12 1 13
13 1 14
13 1 14
14 1 15
14 1 15
15 1 16
15 1 16
16 1 17
16 1 17
17 1 18
17 1 18
18 1 19
18 1 19
20 21 22
20 21 22
22 23 24
22 23 24
24 25 26
24 25 26
26 27 28
26 27 28
28 29 30
28 29 30
30 31 32
30 31 32
32 33 34
32 33 34
34 35 36
34 35 36
36 37 38
36 37 38
38 39 40
38 39 40
40 41 42
40 41 42
42 43 44
42 43 44
44 45 46
44 45 46
46 47 48
46 47 48
48 49 50
48 49 50
50 51 52
50 51 52
52 53 54
52 53 54
54 55 56
54 55 56
56 57 58
56 57 58
58 59 60
58 59 60
